page_no,track_id,segment_id,length_2d,length_3d,moving_time,stopped_time,max_speed,uphill,downhill,started,ended,points,start_lon,start_lat,end_lon,end_lat,avg_point_distance
0,0,0,17657.0,17660.0,,,0.00,18.82,88.82,,,208,11.4860349,48.075854,11.5942549,48.1768849,84.89
0,1,0,1254.0,1255.0,00:18:28,00:01:55,1.47,11.88,4.88,2015-05-10 12:50:27,2015-05-10 13:10:50,1224,11.5357299,48.1070819,11.5357447,48.1048797,1.02
0,2,0,16769.0,16772.0,01:39:00,00:07:17,6.59,84.03,97.03,2015-05-10 11:25:34,2015-05-10 13:11:51,3568,11.5897827,48.1754351,11.5873049,48.220534,4.70
1000,0,0,140535.0,140564.0,,,0.00,377.07,433.07,,,5000,11.448957,48.129556,11.4473443,48.2465911,28.11
1001,0,0,149748.0,149821.0,,,0.00,503.66,470.66,,,5000,11.4470844,48.2467766,11.4024782,48.1802201,29.95
1002,0,0,153199.0,153225.0,,,0.00,389.43,407.43,,,5000,11.4025426,48.1806064,11.6069536,48.18248,30.64
1003,0,0,243155.0,243182.0,,,0.00,218.63,189.63,,,5000,11.6069072,48.1824352,11.45961,48.148076,48.63
1004,0,0,116182.0,116217.0,,,0.00,523.06,539.06,,,5000,11.459626,48.148093,11.5861788,48.1643753,23.24
1005,0,0,238791.0,238845.0,,,0.00,649.82,628.82,,,5000,11.5861292,48.1642685,11.5950608,48.1274986,47.76
1006,0,0,35228.0,35242.0,,,0.00,130.63,133.63,,,5000,11.5951252,48.1274772,11.6857133,48.1183483,7.05
1007,0,0,72989.0,73002.0,,,0.00,259.89,255.89,,,5000,11.6856433,48.118355,11.6097164,48.1212115,14.60
1008,0,0,95571.0,95597.0,,,0.00,272.97,312.97,,,5000,11.6096306,48.1212115,11.669993,48.215577,19.11
1009,0,0,69968.0,69979.0,,,0.00,289.57,282.57,,,5000,11.669917,48.215572,11.7031667,48.190765,13.99
100,0,0,776.0,776.0,00:04:35,00:00:14,4.30,4.94,6.94,2013-12-15 16:47:32,2013-12-15 16:52:21,290,11.5311456,48.0913572,11.5315848,48.0953075,2.68
100,1,0,782.0,782.0,,,0.00,2.93,3.93,,,227,11.557481,48.2481898,11.5606954,48.2482131,3.45
100,2,0,51.0,51.0,00:00:39,00:00:13,0.00,0.00,0.00,2013-12-07 17:14:34,2013-12-07 17:15:26,22,11.5488224,48.1120727,11.5489581,48.1124054,2.31
100,2,1,990.0,991.0,00:03:46,00:02:49,5.78,4.74,6.74,2013-12-07 17:15:27,2013-12-07 17:22:02,96,11.5489574,48.1124005,11.5483645,48.1210179,10.32
100,2,2,7754.0,7756.0,00:28:43,00:07:41,5.85,35.90,48.90,2013-12-07 17:25:54,2013-12-07 18:02:18,513,11.5477798,48.1208635,11.4997097,48.1667592,15.12
100,3,0,24953.0,24958.0,00:27:13,00:02:47,26.83,139.36,151.36,2013-08-21 14:47:51,2013-08-21 15:17:51,1509,11.5954915,48.0616615,11.3609798,48.1141949,16.54
100,3,1,24586.0,24590.0,00:21:25,00:01:21,25.93,146.76,138.76,2013-08-25 09:54:37,2013-08-25 10:17:23,1171,11.3608982,48.1140217,11.5952065,48.0616982,21.00
100,3,2,20765.0,20769.0,00:21:29,00:01:32,28.20,109.59,126.59,2013-11-27 14:22:30,2013-11-27 14:45:31,1172,11.5954548,48.0617248,11.4091265,48.1288831,17.72
1010,0,0,266186.0,266309.0,,,0.00,800.49,812.49,,,5000,11.7034667,48.190685,11.673853,48.217195,53.24
1011,0,0,12158.0,12301.0,,,0.00,203.80,204.80,,,5000,11.673853,48.217195,11.616195,48.212153,2.43
1012,0,0,16162.0,16217.0,,,0.00,76.88,87.88,,,5000,11.616195,48.212153,11.643087,48.244663,3.23
1013,0,0,12536.0,12580.0,,,0.00,71.16,64.16,,,5000,11.643087,48.244663,11.694612,48.22596,2.51
1014,0,0,14982.0,15026.0,,,0.00,70.16,64.16,,,5000,11.694612,48.22596,11.678288,48.220558,3.00
1015,0,0,10005.0,10042.0,,,0.00,60.52,54.52,,,5000,11.678248,48.220495,11.677802,48.193987,2.00
1016,0,0,12267.0,12307.0,,,0.00,61.64,61.64,,,5000,11.677853,48.193955,11.646763,48.201147,2.45
1017,0,0,9422.0,9487.0,,,0.00,99.79,94.79,,,5000,11.646705,48.201143,11.640408,48.193988,1.88
1018,0,0,98056.0,98132.0,,,0.00,229.08,180.08,,,5000,11.640467,48.193975,11.442918,48.103197,19.61
1019,0,0,290256.0,290337.0,,,0.00,648.95,690.95,,,5000,11.442683,48.103272,11.5579813,48.1768158,58.05
101,0,0,4126.0,4127.0,00:02:33,,29.60,25.25,17.25,2013-11-27 14:45:32,2013-11-27 14:48:05,154,11.4087932,48.1287798,11.3610199,48.1141849,26.79
101,1,0,233113.0,233221.0,,,0.00,429.56,398.56,,,4846,11.60202,48.24751,11.3641164,48.1749054,48.10
1020,0,0,127280.0,127308.0,,,0.00,350.55,323.55,,,5000,11.5579044,48.1768919,11.368642,48.131555,25.46
1021,0,0,225787.0,225836.0,,,0.00,535.13,536.13,,,5000,11.36879,48.131578,11.581547,48.115325,45.16
1022,0,0,288382.0,288481.0,,,0.00,814.17,823.17,,,5000,11.581563,48.115337,11.495932,48.162432,57.68
1023,0,0,75844.0,75873.0,,,0.00,256.02,251.02,,,5000,11.496001,48.162228,11.6758704,48.1111693,15.17
1024,0,0,148647.0,148718.0,,,0.00,592.73,561.73,,,5000,11.6757631,48.1112337,11.479645,48.088766,29.73
1025,0,0,365520.0,365647.0,,,0.00,1210.85,1265.85,,,5000,11.479497,48.088768,11.58991,48.1666517,73.10
1026,0,0,117461.0,117475.0,,,0.00,368.80,333.80,,,5000,11.58988,48.1666267,11.519308,48.122433,23.49
1027,0,0,105337.0,105356.0,,,0.00,319.23,361.23,,,5000,11.51929,48.122407,11.5983117,48.1594517,21.07
1028,0,0,136656.0,136687.0,,,0.00,457.64,436.64,,,5000,11.5983433,48.159475,11.3940949,48.1470433,27.33
1029,0,0,284329.0,284383.0,,,0.00,858.80,848.80,,,5000,11.3941483,48.1476783,11.4001683,48.1330649,56.87
102,0,0,30716.0,30849.0,,,0.00,188.19,154.19,,,5000,11.3641164,48.1749054,11.5022031,48.1090893,6.14
1030,0,0,268935.0,269002.0,,,0.00,786.35,805.35,,,5000,11.3998483,48.133565,11.589521,48.13797,53.79
1031,0,0,113625.0,113659.0,,,0.00,355.80,338.80,,,5000,11.589475,48.137917,11.5451426,48.1301332,22.72
1032,0,0,57654.0,57665.0,,,0.00,181.41,201.41,,,5000,11.545141,48.1300839,11.4585017,48.17077,11.53
1033,0,0,78733.0,78744.0,,,0.00,239.91,272.91,,,5000,11.45886,48.170855,11.622744,48.242749,15.75
1034,0,0,277328.0,277490.0,,,0.00,727.08,657.08,,,5000,11.6232,48.242608,11.5184271,48.0946587,55.47
1035,0,0,67565.0,67615.0,,,0.00,235.18,244.18,,,5000,11.5183744,48.0946539,11.70896,48.102367,13.51
1036,0,0,44117.0,44149.0,,,0.00,142.24,171.24,,,5000,11.708935,48.102323,11.423475,48.170422,8.82
1037,0,0,42098.0,42117.0,,,0.00,146.46,133.46,,,5000,11.423475,48.170422,11.6658867,48.1208683,8.42
1038,0,0,91785.0,91814.0,,,0.00,331.08,320.08,,,5000,11.66595,48.1208467,11.677967,48.103202,18.36
1039,0,0,74698.0,74791.0,,,0.00,415.61,398.61,,,5000,11.67808,48.10323,11.501628,48.11064,14.94
103,0,0,122390.0,122432.0,,,0.00,312.13,333.13,,,4509,11.5022031,48.1090893,11.5337621,48.1342363,27.14
103,1,0,28707.0,28709.0,00:28:12,00:02:09,27.26,98.78,104.78,2013-11-11 01:50:13,2013-11-11 02:20:34,491,11.6368094,48.0619615,11.3610481,48.1141755,58.47
1040,0,0,91487.0,91558.0,,,0.00,345.02,327.02,,,5000,11.501723,48.110573,11.392892,48.083207,18.30
1041,0,0,35725.0,35747.0,,,0.00,191.01,239.01,,,5000,11.392891,48.083207,11.5642821,48.1510134,7.14
1042,0,0,19439.0,19445.0,,,0.00,148.37,135.37,,,5000,11.5642763,48.1510415,11.5450354,48.1308546,3.89
1043,0,0,131151.0,131184.0,,,0.00,437.47,470.47,,,5000,11.5450235,48.1308182,11.3912682,48.2082202,26.23
1044,0,0,115066.0,115170.0,,,0.00,416.44,388.44,,,5000,11.3909602,48.2084029,11.6048317,48.1331917,23.01
1045,0,0,228301.0,228403.0,,,0.00,717.44,701.44,,,5000,11.6047967,48.1331883,11.705528,48.091475,45.66
1046,0,0,111171.0,111240.0,,,0.00,394.72,399.72,,,5000,11.705622,48.09156,11.534183,48.110562,22.23
1047,0,0,13895.0,13899.0,,,0.00,93.99,106.99,,,5000,11.5341739,48.1105654,11.5451846,48.1291218,2.78
1048,0,0,91514.0,91563.0,,,0.00,351.09,315.09,,,5000,11.5451883,48.1291401,11.5336312,48.0789859,18.30
1049,0,0,26312.0,26344.0,,,0.00,154.86,183.86,,,5000,11.533586,48.0789896,11.5986817,48.129455,5.26
104,0,0,76016.0,76055.0,,,0.00,239.70,255.70,,,5000,11.5337493,48.1342391,11.5635777,48.1730951,15.20
1050,0,0,154193.0,154245.0,,,0.00,581.80,619.80,,,5000,11.5986683,48.1294633,11.560988,48.204426,30.84
1051,0,0,120797.0,120884.0,,,0.00,450.63,432.63,,,5000,11.561148,48.204438,11.58509,48.157248,24.16
1052,0,0,107950.0,108003.0,,,0.00,336.30,325.30,,,5000,11.585078,48.157254,11.533493,48.140134,21.59
1053,0,0,17665.0,17670.0,,,0.00,130.82,109.82,,,5000,11.533553,48.140128,11.53041,48.103744,3.53
1054,0,0,61312.0,61332.0,,,0.00,220.51,242.51,,,5000,11.530397,48.103725,11.549635,48.1377083,12.26
1055,0,0,18000.0,18010.0,,,0.00,115.28,103.28,,,5000,11.549635,48.1377083,11.5343853,48.118824,3.60
1056,0,0,13475.0,13479.0,,,0.00,98.99,112.99,,,5000,11.5344051,48.1188556,11.5553504,48.1326549,2.70
1057,0,0,35508.0,35534.0,,,0.00,128.56,155.56,,,5000,11.5553915,48.1326289,11.717615,48.204622,7.10
1058,0,0,102519.0,102567.0,,,0.00,375.15,335.15,,,5000,11.717722,48.204635,11.61719,48.137163,20.50
1059,0,0,91154.0,91166.0,,,0.00,228.52,210.52,,,5000,11.61705,48.137165,11.451122,48.098385,18.23
105,0,0,48005.0,48034.0,,,0.00,245.75,216.75,,,5000,11.5635812,48.1730519,11.5094919,48.1134693,9.60
1060,0,0,26672.0,26679.0,,,0.00,186.68,177.68,,,5000,11.451103,48.098395,11.439433,48.091177,5.33
1061,0,0,14193.0,14203.0,,,0.00,169.83,142.83,,,5000,11.439422,48.091164,11.414095,48.078817,2.84
1062,0,0,37185.0,37225.0,,,0.00,334.09,401.09,,,5000,11.4141,48.078832,11.578656,48.132869,7.44
1063,0,0,23388.0,23403.0,,,0.00,139.97,133.97,,,5000,11.578546,48.133129,11.490377,48.1404695,4.68
1064,0,0,18691.0,18694.0,,,0.00,123.92,95.92,,,5000,11.490421,48.1404627,11.528947,48.0936424,3.74
1065,0,0,105396.0,105488.0,,,0.00,358.17,366.17,,,5000,11.5289933,48.0936368,11.6292067,48.06803,21.08
1066,0,0,72356.0,72400.0,,,0.00,297.59,312.59,,,5000,11.6291617,48.0680083,11.5988217,48.1275567,14.47
1067,0,0,211618.0,211704.0,,,0.00,624.88,671.88,,,5000,11.5989,48.1276,11.671359,48.227022,42.32
1068,0,0,35937.0,35942.0,,,0.00,179.86,137.86,,,5000,11.671402,48.226776,11.5930167,48.1253583,7.19
1069,0,0,55971.0,56020.0,,,0.00,176.80,169.80,,,5000,11.5930167,48.1253583,11.57917,48.109605,11.19
106,0,0,112049.0,112083.0,,,0.00,259.00,240.00,,,5000,11.5094682,48.1134568,11.4644433,48.0864466,22.41
1070,0,0,41416.0,41472.0,,,0.00,203.53,196.53,,,5000,11.5791583,48.10962,11.60613,48.0939333,8.28
1071,0,0,14207.0,14213.0,,,0.00,92.97,98.97,,,5000,11.60618,48.0939417,11.565965,48.1039167,2.84
1072,0,0,29232.0,29255.0,,,0.00,242.78,242.78,,,5000,11.5659333,48.1038783,11.60665,48.0992117,5.85
1073,0,0,78201.0,78235.0,,,0.00,314.25,308.25,,,5000,11.6066633,48.099175,11.4777417,48.1155,15.64
1074,0,0,52016.0,52088.0,,,0.00,227.63,229.63,,,5000,11.4778917,48.1155067,11.5053667,48.1195183,10.40
1075,0,0,25011.0,25068.0,,,0.00,102.70,100.70,,,5000,11.5053683,48.119505,11.48765,48.117135,5.00
1076,0,0,108556.0,108616.0,,,0.00,303.19,292.19,,,5000,11.48765,48.117135,11.715768,48.07319,21.71
1077,0,0,100343.0,100424.0,,,0.00,234.93,305.93,,,5000,11.7159,48.073207,11.641673,48.246142,20.07
1078,0,0,131531.0,131617.0,,,0.00,568.92,508.92,,,5000,11.641673,48.246142,11.676804,48.090775,26.31
1079,0,0,139874.0,139940.0,,,0.00,604.46,619.46,,,5000,11.67681,48.09081,11.573995,48.138445,27.97
107,0,0,33796.0,33858.0,,,0.00,138.17,209.17,,,5000,11.4643933,48.08644,11.6279795,48.215389,6.76
1080,0,0,149882.0,149944.0,,,0.00,614.96,623.96,,,5000,11.573995,48.138445,11.537238,48.15764,29.98
1081,0,0,115647.0,115679.0,,,0.00,459.88,437.88,,,5000,11.537232,48.157557,11.64176,48.1125817,23.13
1082,0,0,79500.0,79643.0,,,0.00,349.59,338.59,,,5000,11.6418133,48.112605,11.713332,48.07379,15.90
1083,0,0,124872.0,124966.0,,,0.00,367.50,405.50,,,5000,11.713422,48.073702,11.530977,48.165938,24.97
1084,0,0,141455.0,141478.0,,,0.00,526.66,508.66,,,5000,11.531117,48.165977,11.542609,48.127548,28.29
1085,0,0,89302.0,89362.0,,,0.00,410.32,367.32,,,5000,11.542325,48.127677,11.5293211,48.069964,17.86
1086,0,0,68030.0,68071.0,,,0.00,281.70,358.70,,,5000,11.5293069,48.069937,11.670907,48.199318,13.61
1087,0,0,24923.0,24925.0,,,0.00,124.74,107.74,,,5000,11.670987,48.199293,11.712228,48.159785,4.98
1088,0,0,54035.0,54071.0,,,0.00,201.49,169.49,,,5000,11.712225,48.159792,11.51195,48.1123933,10.81
1089,0,0,351647.0,351744.0,,,0.00,749.02,748.02,,,5000,11.5119483,48.1123933,11.6250167,48.08191,70.33
108,0,0,9999.0,10039.0,,,0.00,110.01,93.01,,,5000,11.6279795,48.215389,11.5655137,48.1818951,2.00
1090,0,0,247465.0,247524.0,,,0.00,514.23,565.23,,,5000,11.624905,48.08192,11.707221,48.210728,49.49
1091,0,0,261277.0,261388.0,,,0.00,558.06,494.06,,,5000,11.707158,48.210691,11.5023352,48.0946034,52.26
1092,0,0,20789.0,20794.0,,,0.00,154.34,154.34,,,5000,11.5022868,48.0946096,11.4485746,48.0998128,4.16
1093,0,0,42162.0,42172.0,,,0.00,169.28,172.28,,,5000,11.4486328,48.0997725,11.451311,48.098435,8.43
1094,0,0,205025.0,205095.0,,,0.00,462.89,460.89,,,5000,11.451262,48.098451,11.689797,48.07731,41.01
1095,0,0,127026.0,127188.0,,,0.00,404.66,400.66,,,5000,11.689783,48.077302,11.701107,48.06641,25.41
1096,0,0,29413.0,29449.0,,,0.00,186.04,205.04,,,5000,11.701053,48.06645,11.6123983,48.1045767,5.88
1097,0,0,405065.0,405164.0,,,0.00,988.74,1007.74,,,5000,11.61248,48.10455,11.3971782,48.1536984,81.01
1098,0,0,140578.0,140637.0,,,0.00,366.60,387.60,,,5000,11.3974142,48.153913,11.4364807,48.1968938,28.12
1099,0,0,222489.0,222538.0,,,0.00,536.76,452.76,,,5000,11.4369569,48.1950753,11.46219,48.073187,44.50
109,0,0,62.0,62.0,,,0.00,0.00,0.00,,,62,11.5655142,48.1819085,11.5652702,48.1823492,1.00
109,1,0,19292.0,19296.0,01:19:35,00:29:16,5.89,136.36,140.36,2013-10-20 10:24:33,2013-10-20 12:13:24,4938,11.5277336,48.1003977,11.380609,48.1259448,3.91
10,0,0,96595.0,96630.0,,,0.00,319.57,314.57,,,5000,11.45827,48.16584,11.564536,48.145724,19.32
1100,0,0,61402.0,61425.0,,,0.00,138.30,225.30,,,5000,11.462221,48.073235,11.664465,48.200857,12.28
1101,0,0,163308.0,163370.0,,,0.00,422.45,383.45,,,5000,11.664332,48.200788,11.5724917,48.0986633,32.66
1102,0,0,39160.0,39206.0,,,0.00,146.26,158.26,,,5000,11.57256,48.0986867,11.616552,48.134095,7.83
1103,0,0,25847.0,25851.0,,,0.00,84.30,118.30,,,5000,11.616778,48.13415,11.673047,48.207485,5.17
1104,0,0,108818.0,108872.0,,,0.00,295.81,231.81,,,5000,11.673043,48.2075,11.49852,48.100563,21.76
1105,0,0,25856.0,25877.0,,,0.00,156.34,150.34,,,5000,11.498498,48.100563,11.4958994,48.0869751,5.17
1106,0,0,41788.0,41815.0,,,0.00,263.36,276.36,,,5000,11.495912,48.0870222,11.541646,48.103219,8.36
1107,0,0,28815.0,28822.0,,,0.00,117.17,126.17,,,5000,11.541623,48.10321,11.6275299,48.1017248,5.76
1108,0,0,29734.0,29748.0,,,0.00,156.42,165.42,,,5000,11.6275711,48.1017014,11.376068,48.157286,5.95
1109,0,0,80649.0,80671.0,,,0.00,210.63,188.63,,,5000,11.376003,48.157323,11.391888,48.110605,16.13
110,0,0,20115.0,20122.0,01:41:47,00:59:41,5.14,129.59,119.59,2013-10-20 12:13:25,2013-10-20 14:54:53,5000,11.3805774,48.1259348,11.507312,48.0943082,4.02
1110,0,0,26767.0,26778.0,,,0.00,184.94,176.94,,,5000,11.39184,48.110589,11.41235,48.108739,5.35
1111,0,0,141396.0,141451.0,,,0.00,503.46,500.46,,,5000,11.412305,48.108746,11.4674255,48.0959238,28.28
1112,0,0,21316.0,21321.0,,,0.00,160.37,164.37,,,5000,11.4673759,48.0959347,11.4815755,48.0877792,4.26
1113,0,0,97844.0,97892.0,,,0.00,270.56,282.56,,,5000,11.4816341,48.0877579,11.657393,48.075937,19.57
1114,0,0,371343.0,371385.0,,,0.00,157.30,205.30,,,5000,11.657388,48.075898,11.4277,48.2047,74.27
1115,0,0,6131171.0,6131279.0,,,0.00,1898.32,1913.32,,,5000,11.4349,48.2043,11.5332,48.2471,1226.23
1116,0,0,9707871.0,9708021.0,,,0.00,3348.90,3341.90,,,5000,11.5332,48.2475,11.5323,48.223,1941.57
1117,0,0,7577389.0,7577495.0,,,0.00,2351.27,2337.27,,,5000,11.5322,48.2227,11.4367,48.1989,1515.48
1118,0,0,4454130.0,4454192.0,,,0.00,1903.43,1912.43,,,5000,11.4376,48.2009,11.5426,48.23,890.83
1119,0,0,5919618.0,5919787.0,,,0.00,2429.39,2407.39,,,5000,11.5426,48.2303,11.5235,48.1764,1183.92
111,0,0,2258.0,2258.0,00:09:32,00:00:20,4.87,9.29,13.29,2013-10-20 14:54:54,2013-10-20 15:04:46,593,11.5073742,48.0943122,11.5321189,48.0999653,3.81
111,1,0,87763.0,87776.0,,,0.00,288.54,278.54,,,1972,11.706504,48.061618,11.7062549,48.061728,44.50
111,2,0,9587.0,9593.0,00:34:55,01:25:54,5.85,58.12,83.12,2013-10-19 12:55:01,2013-10-19 14:55:50,2435,11.5360907,48.1001006,11.5499956,48.1272299,3.94
1120,0,0,2689780.0,2689853.0,,,0.00,1443.98,1471.98,,,5000,11.5239,48.1764,11.673825,48.231442,537.96
1121,0,0,26105.0,26107.0,,,0.00,130.95,123.95,,,5000,11.673783,48.231435,11.523867,48.214665,5.22
1122,0,0,24581.0,24584.0,,,0.00,125.97,123.97,,,5000,11.52395,48.214678,11.63343,48.207168,4.92
1123,0,0,192780.0,192867.0,,,0.00,446.45,429.45,,,5000,11.633418,48.207215,11.45848,48.188859,38.56
1124,0,0,284797.0,284878.0,,,0.00,685.23,656.23,,,5000,11.360955,48.2258817,11.648068,48.134787,56.96
1125,0,0,42546.0,42568.0,,,0.00,133.59,164.59,,,5000,11.647783,48.134728,11.62284,48.209805,8.51
1126,0,0,19799.0,19801.0,,,0.00,101.15,98.15,,,5000,11.622807,48.209817,11.62446,48.190953,3.96
1127,0,0,19722.0,19726.0,,,0.00,95.54,104.54,,,5000,11.624425,48.190917,11.659954,48.234745,3.94
1128,0,0,18713.0,18717.0,,,0.00,125.20,120.20,,,5000,11.659882,48.234716,11.619988,48.199204,3.74
1129,0,0,17175.0,17179.0,,,0.00,132.68,108.68,,,5000,11.619955,48.19916,11.646437,48.154846,3.44
112,0,0,8144.0,8146.0,00:40:13,00:10:25,4.66,74.99,40.99,2013-10-19 14:55:51,2013-10-19 15:46:29,2794,11.5499411,48.1272056,11.5072228,48.0903476,2.91
112,1,0,94139.0,94184.0,,,0.00,217.78,251.78,,,2105,11.7203737,48.1306052,11.3635556,48.2284831,44.72
112,2,0,2212.0,2213.0,00:05:12,00:01:11,13.25,7.60,12.60,2013-10-16 08:17:28,2013-10-16 08:23:51,101,11.547571,48.1593787,11.5285727,48.1716748,21.90
1130,0,0,18696.0,18697.0,,,0.00,84.17,89.17,,,5000,11.646435,48.154882,11.656929,48.166441,3.74
1131,0,0,96640.0,96705.0,,,0.00,292.48,270.48,,,5000,11.656952,48.166412,11.5167433,48.123815,19.33
1132,0,0,107608.0,107661.0,,,0.00,348.14,353.14,,,5000,11.5167717,48.1238133,11.543721,48.13279,21.52
1133,0,0,80088.0,80136.0,,,0.00,214.57,233.57,,,5000,11.543721,48.1328,11.5945231,48.15081,16.02
1134,0,0,45900.0,45915.0,,,0.00,208.13,214.13,,,5000,11.5945128,48.1508073,11.5870967,48.18788,9.18
1135,0,0,243338.0,243450.0,,,0.00,756.34,727.34,,,5000,11.5891433,48.187885,11.5131867,48.1244883,48.67
1136,0,0,323249.0,323320.0,,,0.00,830.49,872.49,,,5000,11.5133283,48.1244933,11.679485,48.219338,64.65
1137,0,0,96142.0,96220.0,,,0.00,274.09,238.09,,,5000,11.679482,48.219335,11.683493,48.118397,19.23
1138,0,0,2865857.0,2865999.0,,,0.00,1480.00,1522.00,,,5000,11.68395,48.118337,11.5312,48.2201,573.17
1139,0,0,5012355.0,5012471.0,,,0.00,2047.63,2028.63,,,5000,11.5288,48.2106,11.4265,48.1759,1002.47
113,0,0,32112.0,32118.0,,,0.00,131.04,124.04,,,4890,11.3635154,48.2284403,11.4162054,48.1975865,6.57
113,1,0,48239.0,48240.0,00:45:11,1052:58:35,25.12,78.73,78.73,2013-08-15 23:17:42,2013-09-28 21:01:28,110,11.364593,48.115036,11.364373,48.11525,438.54
1140,0,0,4007083.0,4007187.0,,,0.00,1889.67,1916.67,,,5000,11.4269,48.1762,11.3994,48.2388,801.42
1141,0,0,4948365.0,4948453.0,,,0.00,1895.99,1896.99,,,5000,11.4098,48.2217,11.5045,48.2159,989.67
1142,0,0,2550021.0,2550055.0,,,0.00,1363.92,1371.92,,,5000,11.5055,48.2164,11.6891,48.2309,510.00
1143,0,0,3612780.0,3612868.0,,,0.00,1781.42,1775.42,,,5000,11.6892,48.2306,11.597,48.2281,722.56
1144,0,0,2944911.0,2944994.0,,,0.00,1534.80,1509.80,,,5000,11.5968,48.2279,11.4804,48.1643,588.98
1145,0,0,780158.0,780210.0,,,0.00,613.51,622.51,,,5000,11.4751,48.1644,11.5947058,48.1643623,156.03
1146,0,0,194013.0,194055.0,,,0.00,542.24,505.24,,,5000,11.5948007,48.1642953,11.4937405,48.1125116,38.80
1147,0,0,18805.0,18809.0,,,0.00,112.44,110.44,,,5000,11.4937017,48.1125217,11.5288726,48.0992032,3.76
1148,0,0,159840.0,159875.0,,,0.00,298.48,287.48,,,5000,11.5288808,48.0992144,11.4811889,48.091975,31.97
1149,0,0,14879.0,14881.0,,,0.00,71.02,85.02,,,5000,11.4811962,48.0920174,11.4872441,48.1088648,2.98
114,0,0,1109301.0,1109361.0,,,0.00,1653.81,1618.81,,,4990,11.4162188,48.1975757,11.7134573,48.1119795,222.30
114,1,0,12725.0,12726.0,00:50:15,00:26:47,0.00,42.00,0.00,2013-09-12 09:38:06,2013-09-12 10:55:08,9,11.5738,48.15741,11.6316,48.0672,1413.92
114,1,1,0.0,0.0,,,0.00,0.00,0.00,2013-09-22 20:06:52,2013-09-22 20:06:52,1,11.63553,48.06321,11.63553,48.06321,0.00
1150,0,0,45865.0,45892.0,,,0.00,106.43,159.43,,,5000,11.4872436,48.1088647,11.679545,48.219658,9.17
1151,0,0,80197.0,80245.0,,,0.00,269.08,238.08,,,5000,11.679545,48.219658,11.5675283,48.1344967,16.04
1152,0,0,111191.0,111214.0,,,0.00,414.67,381.67,,,5000,11.5675283,48.1344967,11.611345,48.0644917,22.24
1153,0,0,88862.0,88875.0,,,0.00,361.15,361.15,,,5000,11.611345,48.064415,11.6103833,48.068565,17.77
1154,0,0,83319.0,83333.0,,,0.00,406.08,400.08,,,5000,11.6104317,48.06855,11.5281683,48.0810683,16.66
1155,0,0,149518.0,149545.0,,,0.00,501.74,544.74,,,5000,11.5281467,48.0810567,11.58165,48.1306183,29.90
1156,0,0,58363.0,58375.0,,,0.00,276.12,246.12,,,5000,11.5816183,48.1306117,11.607655,48.0774817,11.67
1157,0,0,90966.0,90980.0,,,0.00,396.50,397.50,,,5000,11.6077217,48.0772667,11.600605,48.0795633,18.19
1158,0,0,107669.0,107690.0,,,0.00,560.32,565.32,,,5000,11.600605,48.0795633,11.5947383,48.0911083,21.53
1159,0,0,125345.0,125369.0,,,0.00,430.83,417.83,,,5000,11.594785,48.0911383,11.5983083,48.0678967,25.07
115,0,0,126480.0,126537.0,,,0.00,338.12,355.12,,,4807,11.7134326,48.1119881,11.5194529,48.1505101,26.31
115,1,0,19844.0,19845.0,00:14:55,00:06:28,38.26,84.29,14.29,2013-03-16 09:25:26,2013-03-16 09:46:49,144,11.555516,48.140067,11.369707,48.063523,137.80
115,1,1,859.0,859.0,00:06:28,00:00:57,6.48,2.29,6.29,2013-09-03 14:18:17,2013-09-03 14:25:42,49,11.527907,48.061659,11.528896,48.066273,17.53
1160,0,0,54781.0,54790.0,,,0.00,203.57,218.57,,,5000,11.5982383,48.0679133,11.6126733,48.08923,10.96
1161,0,0,92772.0,92789.0,,,0.00,431.28,431.28,,,5000,11.6126183,48.0893033,11.4796483,48.1155217,18.55
1162,0,0,116267.0,116285.0,,,0.00,550.90,548.90,,,5000,11.4794483,48.1155617,11.5837633,48.102255,23.25
1163,0,0,127399.0,127420.0,,,0.00,496.66,482.66,,,5000,11.5837167,48.1023383,11.6148,48.06216,25.48
1164,0,0,55849.0,55856.0,,,0.00,255.86,248.86,,,5000,11.614845,48.06212,11.5871933,48.0629717,11.17
1165,0,0,38493.0,38502.0,,,0.00,257.15,275.15,,,5000,11.5871967,48.0630233,11.60661,48.0847083,7.70
1166,0,0,62576.0,62589.0,,,0.00,371.53,356.53,,,5000,11.6066283,48.0846617,11.49458,48.0842883,12.52
1167,0,0,61040.0,61052.0,,,0.00,339.48,358.48,,,5000,11.49465,48.0842633,11.6083633,48.0968283,12.21
1168,0,0,117953.0,117973.0,,,0.00,177.77,197.77,,,5000,11.6084333,48.096745,11.5649621,48.1468047,23.59
1169,0,0,107894.0,107983.0,,,0.00,356.83,329.83,,,5000,11.564957,48.146793,11.419068,48.106783,21.58
116,0,0,85562.0,85638.0,,,0.00,306.21,277.21,,,4831,11.5194529,48.1505101,11.3610571,48.1142217,17.71
116,1,0,17948.0,17953.0,00:09:22,,39.56,15.98,83.98,2013-09-15 12:27:43,2013-09-15 12:37:05,169,11.7064294,48.0616221,11.6757112,48.1974419,106.20
1170,0,0,73927.0,73957.0,,,0.00,195.96,179.96,,,5000,11.417745,48.1072,11.4824768,48.0837788,14.79
1171,0,0,15985.0,15986.0,,,0.00,56.76,66.76,,,5000,11.4824743,48.0837751,11.5119102,48.0944282,3.20
1172,0,0,180506.0,180595.0,,,0.00,478.95,488.95,,,5000,11.5119724,48.0944297,11.667207,48.084117,36.10
1173,0,0,125133.0,125231.0,,,0.00,374.50,423.50,,,5000,11.667128,48.083865,11.38097,48.214085,25.03
1174,0,0,88993.0,89019.0,,,0.00,416.23,354.23,,,5000,11.3812883,48.2138983,11.4735335,48.0935503,17.80
1175,0,0,16399.0,16402.0,,,0.00,105.52,112.52,,,5000,11.4735322,48.093549,11.4480111,48.1057658,3.28
1176,0,0,14932.0,14933.0,,,0.00,56.07,66.07,,,5000,11.4480738,48.1057622,11.4795077,48.1152729,2.99
1177,0,0,127220.0,127278.0,,,0.00,242.26,230.26,,,5000,11.4795569,48.115273,11.5094293,48.0944805,25.44
1178,0,0,12290.0,12291.0,,,0.00,55.68,44.68,,,5000,11.5093597,48.0944773,11.4937751,48.0780045,2.46
1179,0,0,275782.0,275812.0,,,0.00,462.24,543.24,,,5000,11.4937311,48.0780363,11.6786,48.235632,55.16
117,0,0,7303.0,7304.0,00:04:19,,32.70,25.66,36.66,2013-09-15 12:37:06,2013-09-15 12:41:25,260,11.6753147,48.1975635,11.6430253,48.2481486,28.09
117,1,0,109491.0,109525.0,,,0.00,290.94,287.94,,,2457,11.690416,48.2481276,11.4457225,48.2481426,44.56
117,2,0,8435.0,8437.0,00:37:10,00:00:54,5.12,47.20,63.20,2013-09-09 19:07:50,2013-09-09 19:45:54,2283,11.5433997,48.1322165,11.5330803,48.1695075,3.69
1180,0,0,29049.0,29062.0,,,0.00,144.50,126.50,,,5000,11.678558,48.23555,11.660652,48.194938,5.81
1181,0,0,19687.0,19691.0,,,0.00,71.73,77.73,,,5000,11.660638,48.194878,11.601007,48.206748,3.94
1182,0,0,1328.0,1328.0,,,0.00,3.57,3.57,,,5000,11.601008,48.206748,11.601122,48.206698,0.27
1183,0,0,1424.0,1425.0,,,0.00,4.41,4.41,,,5000,11.60112,48.206699,11.600949,48.206794,0.28
1184,0,0,1259.0,1259.0,,,0.00,3.39,2.39,,,5000,11.600945,48.206796,11.600941,48.20661,0.25
1185,0,0,1511.0,1511.0,,,0.00,4.48,4.48,,,5000,11.600942,48.206611,11.60095,48.206624,0.30
1186,0,0,1087.0,1087.0,,,0.00,2.70,2.70,,,5000,11.60095,48.206624,11.600903,48.206656,0.22
1187,0,0,2043.0,2043.0,,,0.00,4.85,4.85,,,5000,11.600904,48.206656,11.600901,48.206573,0.41
1188,0,0,899.0,899.0,,,0.00,2.75,3.75,,,5000,11.600903,48.206575,11.600995,48.206673,0.18
1189,0,0,17015.0,17017.0,,,0.00,80.27,78.27,,,5000,11.601005,48.206667,11.583495,48.227377,3.40
118,0,0,10530.0,10533.0,00:49:11,00:03:12,4.76,99.43,63.43,2013-09-09 19:45:55,2013-09-09 20:38:18,3143,11.533109,48.1694849,11.5323502,48.0999702,3.35
118,1,0,6827.0,6828.0,00:30:36,00:00:26,5.08,40.86,52.86,2013-09-09 19:08:31,2013-09-09 19:39:33,1857,11.543369,48.1322175,11.5297344,48.1595822,3.68
1190,0,0,31239.0,31246.0,,,0.00,148.29,144.29,,,5000,11.583441,48.227422,11.650763,48.200712,6.25
1191,0,0,25027.0,25030.0,,,0.00,141.98,134.98,,,5000,11.65085,48.200702,11.661002,48.166253,5.01
1192,0,0,24754.0,24757.0,,,0.00,127.89,113.89,,,5000,11.661078,48.16622,11.705647,48.135532,4.95
1193,0,0,24132.0,24134.0,,,0.00,101.60,106.60,,,5000,11.705685,48.135535,11.661202,48.14675,4.83
1194,0,0,39107.0,39116.0,,,0.00,102.12,127.12,,,5000,11.661217,48.146768,11.67539,48.216355,7.82
1195,0,0,16442.0,16444.0,,,0.00,69.22,79.22,,,5000,11.67541,48.216398,11.679545,48.237295,3.29
1196,0,0,21922.0,21924.0,,,0.00,95.16,91.16,,,5000,11.679482,48.237303,11.677478,48.222893,4.38
1197,0,0,150252.0,150286.0,,,0.00,301.98,284.98,,,5000,11.677478,48.222893,11.466015,48.1927117,30.05
1198,0,0,118040.0,118057.0,,,0.00,374.63,356.63,,,5000,11.466015,48.1927133,11.5093833,48.143415,23.61
1199,0,0,224483.0,224510.0,,,0.00,537.27,536.27,,,5000,11.5097967,48.1433733,11.536848,48.139935,44.90
119,0,0,12070.0,12074.0,00:55:55,00:02:32,4.83,115.01,83.01,2013-09-09 19:39:34,2013-09-09 20:38:01,3505,11.5297999,48.1595986,11.532175,48.0999994,3.44
119,1,0,35445.0,35449.0,,,0.00,109.48,204.48,,,1495,11.3917711,48.0623134,11.564497,48.208659,23.71
11,0,0,32828.0,32860.0,,,0.00,365.59,368.59,,,5000,11.564582,48.145735,11.552175,48.165785,6.57
1200,0,0,72951.0,72964.0,,,0.00,457.52,470.52,,,5000,11.536718,48.139943,11.542947,48.175997,14.59
1201,0,0,108391.0,108432.0,,,0.00,284.69,284.69,,,5000,11.543153,48.176073,11.38372,48.185974,21.68
1202,0,0,194389.0,194415.0,,,0.00,496.36,503.36,,,5000,11.383809,48.185931,11.4656833,48.1938933,38.88
1203,0,0,34799.0,34820.0,,,0.00,145.73,91.73,,,5000,11.4656833,48.1938917,11.4951469,48.0966975,6.96
1204,0,0,14561.0,14562.0,,,0.00,53.25,57.25,,,5000,11.4951459,48.0966971,11.5074983,48.0942961,2.91
1205,0,0,25676.0,25695.0,,,0.00,101.13,130.13,,,5000,11.507506,48.0942965,11.4892217,48.1538533,5.14
1206,0,0,89209.0,89254.0,,,0.00,170.52,186.52,,,5000,11.4892433,48.1538433,11.477345,48.1786917,17.84
1207,0,0,33029.0,33031.0,,,0.00,124.47,125.47,,,5000,11.4773733,48.178695,11.48518,48.1788283,6.61
1208,0,0,156263.0,156371.0,,,0.00,342.08,298.08,,,5000,11.48537,48.178875,11.66518,48.07391,31.25
1209,0,0,62653.0,62708.0,,,0.00,136.71,162.71,,,5000,11.66518,48.07391,11.5020883,48.1556267,12.53
120,0,0,81277.0,81306.0,,,0.00,316.30,250.30,,,2677,11.56433,48.20865,11.612128,48.0619016,30.36
120,1,0,22845.0,22849.0,00:32:31,00:09:00,16.33,174.99,110.99,2013-08-30 11:43:52,2013-08-30 12:25:23,972,11.582673,48.248218,11.542235,48.061757,23.50
120,2,0,24181.0,24181.0,00:14:00,,41.32,82.82,14.82,2013-09-01 16:41:11,2013-09-01 16:55:11,201,11.5327126,48.2480402,11.3613011,48.1141716,120.30
120,3,0,3894.0,3895.0,00:18:02,00:01:08,5.08,34.89,47.89,2013-09-02 19:05:46,2013-09-02 19:24:56,1150,11.5437321,48.1324883,11.5540348,48.1543313,3.39
1210,0,0,6055.0,6072.0,,,0.00,44.64,41.64,,,5000,11.5020883,48.1556267,11.4973233,48.1524767,1.21
1211,0,0,168407.0,168541.0,,,0.00,420.59,472.59,,,5000,11.4973283,48.1524617,11.673143,48.23678,33.68
1212,0,0,20148.0,20153.0,,,0.00,151.67,137.67,,,5000,11.673128,48.236733,11.673597,48.21347,4.03
1213,0,0,149700.0,149775.0,,,0.00,625.80,625.80,,,5000,11.673592,48.21342,11.679925,48.227993,29.94
1214,0,0,96876.0,96885.0,,,0.00,201.72,203.72,,,5000,11.679925,48.227993,11.694052,48.220155,19.38
1215,0,0,203467.0,203508.0,,,0.00,385.40,380.40,,,5000,11.69413,48.220208,11.666628,48.218483,40.69
1216,0,0,64111.0,64141.0,,,0.00,188.99,193.99,,,5000,11.666695,48.218478,11.68272,48.22308,12.82
1217,0,0,76761.0,76802.0,,,0.00,263.59,231.59,,,5000,11.68272,48.22308,11.5362083,48.1536933,15.35
1218,0,0,114831.0,114858.0,,,0.00,327.77,363.77,,,5000,11.5362083,48.1536933,11.679927,48.23314,22.97
1219,0,0,27656.0,27661.0,,,0.00,151.18,118.18,,,5000,11.679877,48.233098,11.722008,48.152697,5.53
121,0,0,8871.0,8874.0,00:43:19,00:00:38,4.43,86.40,73.40,2013-09-02 19:24:57,2013-09-02 20:08:54,2637,11.5540076,48.1543619,11.5437731,48.1322096,3.36
121,1,0,8220.0,8222.0,00:39:08,00:00:15,4.61,70.08,81.08,2013-09-02 19:06:35,2013-09-02 19:45:58,2363,11.5437942,48.1324692,11.5730267,48.1487126,3.48
1220,0,0,79251.0,79272.0,,,0.00,150.84,177.84,,,5000,11.721963,48.152683,11.671365,48.219163,15.85
1221,0,0,186969.0,187025.0,,,0.00,580.66,533.66,,,5000,11.671345,48.219133,11.51668,48.11405,37.39
1222,0,0,137146.0,137188.0,,,0.00,337.68,354.68,,,5000,11.51668,48.114015,11.5071725,48.1439174,27.43
1223,0,0,168973.0,169018.0,,,0.00,498.21,524.21,,,5000,11.506944,48.1439469,11.4092349,48.2119766,33.79
1224,0,0,431060.0,431177.0,,,0.00,726.88,674.88,,,5000,11.4092516,48.2118516,11.652807,48.070818,86.21
1225,0,0,557647.0,557729.0,,,0.00,539.64,601.64,,,5000,11.678232,48.063598,11.408208,48.209232,111.53
1226,0,0,87035.0,87049.0,,,0.00,387.70,370.70,,,5000,11.40808,48.209163,11.42978,48.178658,17.41
1227,0,0,210172.0,210292.0,,,0.00,515.85,530.85,,,5000,11.42958,48.178475,11.593062,48.195917,42.03
1228,0,0,162089.0,162164.0,,,0.00,431.84,450.84,,,5000,11.592979,48.195977,11.549858,48.245561,32.42
1229,0,0,143183.0,143204.0,,,0.00,496.45,468.45,,,5000,11.549809,48.245461,11.592322,48.152264,28.64
122,0,0,4333.0,4335.0,00:21:48,00:00:02,4.28,45.58,34.58,2013-09-02 19:45:59,2013-09-02 20:07:49,1311,11.572991,48.148724,11.5440951,48.1324628,3.31
122,1,0,34206.0,34215.0,,,0.00,103.34,84.34,,,3689,11.4522052,48.1534064,11.6271402,48.1280263,9.27
1230,0,0,157241.0,157271.0,,,0.00,541.87,525.87,,,5000,11.592313,48.15227,11.599664,48.140701,31.45
1231,0,0,108904.0,108923.0,,,0.00,308.71,307.71,,,5000,11.599819,48.140666,11.455095,48.151967,21.78
1232,0,0,221371.0,221461.0,,,0.00,578.05,606.05,,,5000,11.454814,48.152021,11.618033,48.189958,44.27
1233,0,0,238409.0,238472.0,,,0.00,635.72,597.72,,,5000,11.61801,48.189549,11.547921,48.135619,47.68
1234,0,0,17330.0,17338.0,,,0.00,136.85,139.85,,,5000,11.54792,48.135621,11.544574,48.127553,3.47
1235,0,0,77258.0,77270.0,,,0.00,263.63,263.63,,,5000,11.544563,48.127523,11.54817,48.095397,15.45
1236,0,0,130486.0,130538.0,,,0.00,406.37,388.37,,,5000,11.548167,48.095441,11.629288,48.07112,26.10
1237,0,0,222015.0,222102.0,,,0.00,649.98,645.98,,,5000,11.629045,48.071075,11.604593,48.07389,44.40
1238,0,0,158075.0,158143.0,,,0.00,526.59,552.59,,,5000,11.60445,48.074081,11.55586,48.134649,31.61
1239,0,0,17028.0,17032.0,,,0.00,119.86,117.86,,,5000,11.555858,48.134619,11.543502,48.139409,3.41
123,0,0,86496.0,86512.0,,,0.00,263.25,253.25,,,5000,11.6271865,48.1279906,11.7203083,48.0789166,17.30
1240,0,0,45394.0,45436.0,,,0.00,181.90,147.90,,,5000,11.543506,48.139407,11.494863,48.084928,9.08
1241,0,0,21953.0,21960.0,,,0.00,176.67,193.67,,,5000,11.494849,48.084893,11.37749,48.125189,4.39
1242,0,0,23526.0,23529.0,,,0.00,112.68,146.68,,,5000,11.377552,48.1252,11.591817,48.147605,4.71
1244,0,0,114357.0,114394.0,,,0.00,306.76,291.76,,,5000,11.365097,48.223498,11.586078,48.160631,22.87
1245,0,0,132088.0,132170.0,,,0.00,411.64,423.64,,,5000,11.586074,48.160607,11.384752,48.212137,26.42
1246,0,0,168138.0,168235.0,,,0.00,494.49,437.49,,,5000,11.383502,48.212873,11.66176,48.071658,33.63
1247,0,0,112517.0,112661.0,,,0.00,366.96,440.96,,,5000,11.66172,48.071545,11.45191,48.239597,22.50
1248,0,0,36634.0,36657.0,,,0.00,133.55,123.55,,,5000,11.451932,48.239872,11.52381,48.223017,7.33
1249,0,0,56018.0,56040.0,,,0.00,194.09,157.09,,,5000,11.523707,48.222983,11.460266,48.146725,11.20
124,0,0,26258.0,26262.0,,,0.00,49.28,62.28,,,1044,11.720375,48.0789399,11.4502215,48.1244945,25.15
124,1,0,3100.0,3101.0,00:10:23,00:00:18,6.80,26.15,25.15,2013-08-31 12:05:55,2013-08-31 12:16:36,616,11.680499,48.248197,11.661225,48.227232,5.03
124,1,1,6226.0,6227.0,00:21:23,00:01:15,7.06,51.32,36.32,2013-08-31 12:25:42,2013-08-31 12:48:20,1227,11.661305,48.227136,11.620003,48.185565,5.07
124,1,2,8927.0,8930.0,00:35:56,00:05:43,5.84,100.37,74.37,2013-08-31 14:08:07,2013-08-31 14:49:46,2113,11.620044,48.185449,11.559436,48.140845,4.22
1250,0,0,59943.0,59987.0,,,0.00,231.52,234.52,,,5000,11.460266,48.146725,11.549464,48.145774,11.99
1251,0,0,19536.0,19542.0,,,0.00,145.08,148.08,,,5000,11.549457,48.145774,11.54899,48.143671,3.91
1252,0,0,72200.0,72295.0,,,0.00,223.54,197.54,,,5000,11.549006,48.143664,11.656985,48.077435,14.44
1253,0,0,294562.0,294644.0,,,0.00,608.59,601.59,,,5000,11.656987,48.077435,11.669078,48.062425,58.91
1254,0,0,141696.0,141725.0,,,0.00,322.73,366.73,,,5000,11.669058,48.062463,11.564667,48.170166,28.34
1255,0,0,193466.0,193514.0,,,0.00,475.42,434.42,,,5000,11.564659,48.170207,11.669153,48.068658,38.69
1256,0,0,136030.0,136093.0,,,0.00,385.53,399.53,,,5000,11.669153,48.068658,11.43407,48.116759,27.21
1257,0,0,16096.0,16099.0,,,0.00,90.76,111.76,,,5000,11.43412,48.116747,11.571631,48.143946,3.22
1258,0,0,42381.0,42408.0,,,0.00,192.90,172.90,,,5000,11.57165,48.143946,11.716015,48.110682,8.48
1259,0,0,28821.0,28845.0,,,0.00,126.30,169.30,,,5000,11.715888,48.110702,11.622118,48.187665,5.76
125,0,0,53627.0,53652.0,,,0.00,172.24,195.24,,,713,11.4501571,48.1245052,11.6453657,48.1627845,75.21
125,1,0,252.0,252.0,00:00:16,,0.00,0.21,3.21,2013-08-07 22:55:26,2013-08-07 22:55:42,17,11.6181712,48.1252098,11.6176782,48.1258717,14.80
125,1,1,283.0,283.0,00:00:29,00:00:02,14.89,3.53,2.53,2013-08-07 22:55:43,2013-08-07 22:56:14,32,11.5607621,48.1395305,11.5615188,48.1398957,8.84
125,1,2,70.0,70.0,00:00:35,00:00:02,3.91,0.00,0.00,2013-08-07 22:56:15,2013-08-07 22:56:52,38,11.6186191,48.1245062,11.6187533,48.1245981,1.84
125,2,0,2202.0,2202.0,00:10:22,00:00:04,5.30,11.84,14.84,2013-07-21 02:59:59,2013-07-21 03:10:25,165,11.5881216,48.1681833,11.6089334,48.1668466,13.34
125,2,1,1881.0,1882.0,00:09:18,,5.34,16.94,18.94,2013-07-21 03:10:26,2013-07-21 03:19:44,157,11.6089676,48.1668383,11.6258792,48.1751363,11.98
125,2,2,2963.0,2964.0,00:15:29,,4.86,14.56,26.56,2013-07-21 03:19:44,2013-07-21 03:35:13,208,11.6258792,48.1751363,11.6411349,48.1974214,14.25
125,2,3,1599.0,1600.0,00:08:11,,4.86,11.67,10.67,2013-07-21 03:35:16,2013-07-21 03:43:27,113,11.6411859,48.1975003,11.6577161,48.2019492,14.15
125,2,4,491.0,491.0,00:02:25,,4.56,5.01,2.01,2013-07-21 03:43:30,2013-07-21 03:45:55,32,11.6578836,48.2019157,11.6636931,48.2007855,15.33
125,2,5,2363.0,2363.0,00:12:16,,4.03,5.96,11.96,2013-07-21 03:46:09,2013-07-21 03:58:25,151,11.664273,48.2007746,11.6935103,48.2017069,15.65
125,2,6,1548.0,1548.0,00:08:15,,4.23,8.14,8.14,2013-07-21 03:58:27,2013-07-21 04:06:42,112,11.6935774,48.2017276,11.7077503,48.2045447,13.82
125,2,7,1164.0,1164.0,00:06:11,,4.09,2.92,2.92,2013-07-21 04:06:42,2013-07-21 04:12:53,84,11.7077503,48.2045447,11.7227548,48.2054145,13.85
125,2,8,4597.0,4597.0,00:24:23,00:00:02,3.73,18.68,12.68,2013-07-21 05:29:26,2013-07-21 05:53:51,291,11.7228007,48.2224265,11.6749216,48.2066659,15.80
125,2,9,9211.0,9213.0,00:51:28,,3.76,71.07,58.07,2013-07-21 05:53:56,2013-07-21 06:45:24,643,11.6747125,48.2066912,11.5916047,48.1715413,14.32
125,2,10,28.0,28.0,00:00:09,,0.00,0.00,1.00,2013-07-21 06:45:26,2013-07-21 06:45:35,4,11.5915387,48.1715924,11.5912419,48.1717329,7.11
125,3,0,8969.0,8971.0,00:25:21,01:59:29,6.86,47.68,52.68,2013-08-16 11:14:54,2013-08-16 13:39:44,1569,11.6714878,48.0681037,11.6638336,48.0733261,5.72
125,4,0,0.0,0.0,,,0.00,0.00,0.00,2013-08-18 12:41:32,2013-08-18 12:41:32,1,11.5334446,48.153068,11.5334446,48.153068,0.00
125,4,1,0.0,0.0,00:00:01,00:00:02,0.00,0.00,0.00,2013-08-18 12:55:43,2013-08-18 12:55:46,4,11.5336839,48.1533141,11.533679,48.1533115,0.12
125,4,2,1.0,1.0,00:00:02,00:00:01,0.00,0.00,0.00,2013-08-18 12:56:58,2013-08-18 12:57:01,4,11.53362,48.1532653,11.5336286,48.1532745,0.30
125,4,3,817.0,817.0,00:10:28,00:15:09,1.68,5.12,4.12,2013-08-18 13:15:11,2013-08-18 13:40:48,662,11.5334621,48.1533432,11.5420221,48.1509557,1.23
1260,0,0,19633.0,19640.0,,,0.00,144.71,127.71,,,5000,11.622118,48.187644,11.692457,48.161509,3.93
1261,0,0,31641.0,31666.0,,,0.00,149.50,118.50,,,5000,11.692457,48.161509,11.533934,48.112066,6.33
1262,0,0,17734.0,17738.0,,,0.00,108.60,135.60,,,5000,11.533933,48.112122,11.514194,48.161424,3.55
1263,0,0,77139.0,77191.0,,,0.00,235.02,197.02,,,5000,11.514217,48.161431,11.664912,48.072473,15.43
1264,0,0,39691.0,39719.0,,,0.00,143.18,181.18,,,5000,11.664912,48.072473,11.511348,48.157668,7.94
1265,0,0,20440.0,20450.0,,,0.00,142.82,139.82,,,5000,11.511344,48.157669,11.574095,48.119925,4.09
1266,0,0,59542.0,59584.0,,,0.00,224.77,205.77,,,5000,11.574151,48.119901,11.533689,48.116724,11.91
1267,0,0,18390.0,18397.0,,,0.00,141.07,142.07,,,5000,11.533704,48.116722,11.50263,48.121812,3.68
1268,0,0,57372.0,57387.0,,,0.00,227.57,267.57,,,5000,11.502632,48.121858,11.695638,48.195296,11.47
1269,0,0,43822.0,43835.0,,,0.00,179.96,148.96,,,5000,11.695441,48.195141,11.553726,48.100173,8.76
126,0,0,1441.0,1441.0,00:17:17,00:00:09,1.76,8.68,13.68,2013-08-18 13:40:49,2013-08-18 13:58:15,1046,11.5420403,48.1509506,11.5597687,48.1474212,1.38
126,1,0,88148.0,88162.0,,,0.00,389.20,423.20,,,3954,11.4611829,48.1056588,11.5199636,48.1500728,22.29
1270,0,0,74474.0,74493.0,,,0.00,230.94,204.94,,,5000,11.55369,48.100164,11.535442,48.087965,14.89
1271,0,0,50254.0,50264.0,,,0.00,223.18,253.18,,,5000,11.535414,48.087937,11.443631,48.148486,10.05
1272,0,0,45275.0,45289.0,,,0.00,253.13,232.13,,,5000,11.443633,48.148486,11.539983,48.106488,9.05
1273,0,0,19919.0,19923.0,,,0.00,141.41,139.41,,,5000,11.539995,48.106452,11.52963,48.101364,3.98
1274,0,0,92410.0,92438.0,,,0.00,281.28,292.28,,,5000,11.529617,48.101344,11.381203,48.133436,18.48
1275,0,0,34040.0,34051.0,,,0.00,154.47,163.47,,,5000,11.380995,48.13339,11.545007,48.128655,6.81
1276,0,0,15397.0,15400.0,,,0.00,107.50,62.50,,,5000,11.544998,48.128618,11.513339,48.074885,3.08
1277,0,0,34334.0,34346.0,,,0.00,132.80,165.80,,,5000,11.513346,48.074882,11.619195,48.094002,6.87
1278,0,0,55904.0,55913.0,,,0.00,184.28,181.28,,,5000,11.619067,48.094007,11.369186,48.1252,11.18
1279,0,0,21143.0,21146.0,,,0.00,90.70,92.70,,,5000,11.369283,48.125128,11.382045,48.127101,4.23
127,0,0,73605.0,73616.0,,,0.00,383.81,351.81,,,4458,11.5199636,48.1500728,11.5071185,48.0966274,16.51
127,1,0,2834.0,2835.0,00:09:01,,6.37,10.12,24.12,2013-08-15 16:47:44,2013-08-15 16:56:45,542,11.4725775,48.0616101,11.4935241,48.081663,5.23
1280,0,0,24991.0,24996.0,,,0.00,81.70,86.70,,,5000,11.382063,48.127056,11.409843,48.133726,5.00
1281,0,0,38132.0,38149.0,,,0.00,127.38,165.38,,,5000,11.409883,48.13367,11.566091,48.196781,7.63
1282,0,0,37171.0,37177.0,,,0.00,137.50,96.50,,,5000,11.566083,48.196811,11.384375,48.132871,7.43
1283,0,0,1423.0,1423.0,,,0.00,0.00,0.00,,,5000,11.384376,48.132868,11.384326,48.132903,0.28
1284,0,0,1252.0,1252.0,,,0.00,0.00,0.00,,,5000,11.384323,48.132903,11.3844,48.132855,0.25
1285,0,0,57436.0,57473.0,,,0.00,200.75,238.75,,,5000,11.384398,48.132855,11.571598,48.191586,11.49
1286,0,0,50750.0,50800.0,,,0.00,109.02,107.02,,,5000,11.571595,48.191586,11.56823,48.18815,10.15
1287,0,0,79483.0,79512.0,,,0.00,270.84,240.84,,,5000,11.568218,48.188223,11.39771,48.138563,15.90
1288,0,0,90837.0,90873.0,,,0.00,291.74,271.74,,,5000,11.397518,48.138508,11.524003,48.092153,18.17
1289,0,0,134954.0,135006.0,,,0.00,431.39,438.39,,,5000,11.523939,48.092161,11.600646,48.088881,26.99
128,0,0,4481.0,4481.0,00:18:40,00:01:33,5.17,16.02,30.02,2013-08-15 16:56:46,2013-08-15 17:16:59,1213,11.4935575,48.0817013,11.5322843,48.0999126,3.69
128,1,0,45.0,45.0,00:00:06,00:16:59,0.00,0.00,0.00,2013-08-15 08:19:43,2013-08-15 08:36:48,967,11.521148,48.0960043,11.5210955,48.0962151,0.05
128,1,1,2.0,2.0,00:00:03,00:00:52,0.00,0.00,0.00,2013-08-15 08:50:13,2013-08-15 08:51:08,55,11.5211453,48.0961937,11.5211336,48.0961774,0.05
128,1,2,7553.0,7555.0,00:33:33,00:01:52,4.91,81.03,34.03,2013-08-15 08:53:09,2013-08-15 09:28:34,2125,11.5207903,48.0962748,11.4481501,48.0616186,3.55
128,2,0,353.0,353.0,00:00:09,,0.00,0.92,0.92,2010-11-07 13:15:48,2010-11-07 13:15:57,10,11.361149,48.225759,11.364721,48.223658,35.28
128,2,1,403.0,403.0,00:00:12,,0.00,0.93,0.93,2010-11-07 13:15:59,2010-11-07 13:16:11,13,11.365456,48.22321,11.369595,48.220858,30.98
128,2,2,365.0,365.0,00:00:10,,0.00,1.60,0.60,2010-11-07 13:16:16,2010-11-07 13:16:26,11,11.371512,48.219694,11.375142,48.21747,33.20
128,2,3,33.0,33.0,00:00:01,,0.00,0.00,2.00,2010-11-07 13:16:30,2010-11-07 13:16:31,2,11.376485,48.21667,11.37682,48.216479,16.32
128,2,4,409.0,409.0,00:00:12,,0.00,4.00,0.00,2010-11-07 13:17:04,2010-11-07 13:17:16,13,11.3878,48.209925,11.391506,48.207206,31.48
128,2,5,192.0,192.0,00:00:06,,0.00,0.26,1.26,2010-11-07 13:17:19,2010-11-07 13:17:25,7,11.392595,48.206763,11.395075,48.206274,27.44
128,2,6,4334.0,4334.0,00:02:20,,36.69,12.47,16.47,2010-11-07 13:17:27,2010-11-07 13:19:47,141,11.395961,48.20621,11.454277,48.204532,30.74
128,2,7,129.0,130.0,00:00:05,,0.00,4.00,0.00,2010-11-07 13:20:34,2010-11-07 13:20:39,6,11.467484,48.209417,11.469191,48.209663,21.58
128,2,8,0.0,0.0,,,0.00,0.00,0.00,2010-11-07 13:21:06,2010-11-07 13:21:06,1,11.479815,48.209462,11.479815,48.209462,0.00
128,2,9,0.0,0.0,,,0.00,0.00,0.00,2010-11-07 13:21:08,2010-11-07 13:21:08,1,11.480723,48.209349,11.480723,48.209349,0.00
128,2,10,67.0,67.0,00:00:02,,0.00,5.00,0.00,2010-11-07 13:21:10,2010-11-07 13:21:12,3,11.481605,48.209207,11.48249,48.209097,22.22
128,2,11,4433.0,4433.0,00:01:59,,40.43,13.49,18.49,2010-11-07 13:21:15,2010-11-07 13:23:14,120,11.483845,48.208996,11.536716,48.225595,36.94
128,2,12,0.0,0.0,,,0.00,0.00,0.00,2010-11-07 13:23:16,2010-11-07 13:23:16,1,11.537658,48.225702,11.537658,48.225702,0.00
128,2,13,0.0,0.0,,,0.00,0.00,0.00,2010-11-07 13:23:21,2010-11-07 13:23:21,1,11.540047,48.225944,11.540047,48.225944,0.00
128,2,14,35.0,35.0,00:00:01,,0.00,0.00,0.00,2010-11-07 13:23:23,2010-11-07 13:23:24,2,11.541,48.226031,11.541467,48.226067,17.40
128,2,15,6613.0,6613.0,00:03:15,,37.70,22.15,25.15,2010-11-07 13:23:26,2010-11-07 13:26:41,196,11.542399,48.226142,11.627871,48.220316,33.74
128,2,16,1631.0,1631.0,00:01:01,,28.28,6.56,2.56,2010-11-07 13:26:43,2010-11-07 13:27:44,62,11.628043,48.2199,11.621577,48.205945,26.31
128,2,17,645.0,645.0,00:00:24,,28.62,4.75,0.75,2010-11-07 13:27:46,2010-11-07 13:28:10,25,11.621356,48.205512,11.618571,48.200013,25.80
128,2,18,330.0,330.0,00:00:24,,15.20,1.40,0.40,2010-11-07 13:29:42,2010-11-07 13:30:06,25,11.619325,48.197857,11.622494,48.195778,13.19
1290,0,0,71330.0,71352.0,,,0.00,281.82,350.82,,,5000,11.600621,48.088853,11.522645,48.247078,14.27
1291,0,0,42155.0,42161.0,,,0.00,224.87,133.87,,,5000,11.522678,48.247104,11.525821,48.077528,8.43
1292,0,0,26927.0,26943.0,,,0.00,236.70,251.70,,,5000,11.525831,48.077538,11.541491,48.096201,5.39
1293,0,0,77103.0,77139.0,,,0.00,313.40,327.40,,,5000,11.541473,48.096171,11.384541,48.133118,15.42
1294,0,0,57308.0,57342.0,,,0.00,153.90,139.90,,,5000,11.384525,48.13312,11.510402,48.094543,11.46
1295,0,0,50355.0,50362.0,,,0.00,227.73,244.73,,,5000,11.510322,48.094541,11.52863,48.11826,10.07
1296,0,0,17788.0,17791.0,,,0.00,91.24,112.24,,,5000,11.528656,48.118286,11.53473,48.1597,3.56
1297,0,0,36414.0,36433.0,,,0.00,172.83,177.83,,,5000,11.534792,48.1597,11.636023,48.179404,7.28
1298,0,0,45977.0,45996.0,,,0.00,269.41,264.41,,,5000,11.635851,48.179533,11.580579,48.127859,9.20
1299,0,0,76361.0,76390.0,,,0.00,307.10,266.10,,,5000,11.580628,48.12789,11.608816,48.069281,15.27
129,0,0,14.0,14.0,00:00:01,,0.00,0.00,0.00,2010-11-07 13:30:07,2010-11-07 13:30:08,2,11.622643,48.195712,11.622804,48.195646,7.00
129,0,1,0.0,0.0,,,0.00,0.00,0.00,2010-11-07 13:30:23,2010-11-07 13:30:23,1,11.624151,48.195169,11.624151,48.195169,0.00
129,0,2,174.0,174.0,00:00:09,,0.00,0.00,1.00,2010-11-07 13:30:29,2010-11-07 13:30:38,10,11.623701,48.19449,11.622772,48.19305,17.42
129,0,3,321.0,321.0,00:00:22,,15.52,1.84,1.84,2010-11-07 13:31:00,2010-11-07 13:31:22,23,11.619516,48.191018,11.615407,48.190165,13.97
129,0,4,59.0,59.0,00:00:04,,0.00,0.00,0.00,2010-11-07 13:31:36,2010-11-07 13:31:40,5,11.613433,48.188563,11.613012,48.18811,11.85
129,0,5,83.0,83.0,00:00:05,,0.00,3.00,0.00,2010-11-07 13:34:09,2010-11-07 13:34:14,6,11.630831,48.18231,11.631742,48.181874,13.86
129,0,6,511.0,511.0,00:00:26,,22.18,2.57,8.57,2010-11-07 13:34:17,2010-11-07 13:34:43,27,11.632303,48.181623,11.637123,48.178387,18.93
129,0,7,115.0,115.0,00:00:03,,0.00,0.00,1.00,2010-11-06 15:26:10,2010-11-06 15:26:13,4,11.616321,48.226286,11.614819,48.226542,28.71
129,0,8,39.0,39.0,00:00:01,,0.00,0.00,0.00,2010-11-06 15:26:15,2010-11-06 15:26:16,2,11.613843,48.226685,11.613315,48.226702,19.57
129,0,9,0.0,0.0,,,0.00,0.00,0.00,2010-11-06 15:26:18,2010-11-06 15:26:18,1,11.612379,48.226826,11.612379,48.226826,0.00
129,0,10,68.0,68.0,00:00:02,,0.00,1.00,0.00,2010-11-06 15:26:20,2010-11-06 15:26:22,3,11.611478,48.226994,11.610597,48.227176,22.76
129,0,11,170.0,170.0,00:00:05,,0.00,1.00,0.00,2010-11-06 15:26:24,2010-11-06 15:26:29,6,11.609705,48.227341,11.607479,48.22772,28.35
129,0,12,284.0,284.0,00:00:08,,0.00,0.26,0.26,2010-11-06 15:26:31,2010-11-06 15:26:39,9,11.60655,48.227838,11.602804,48.228367,31.50
129,0,13,293.0,293.0,00:00:08,,0.00,4.00,0.00,2010-11-06 15:26:41,2010-11-06 15:26:49,9,11.601874,48.228512,11.59795,48.228832,32.53
129,0,14,757.0,757.0,00:00:21,,37.16,3.18,2.18,2010-11-06 15:26:52,2010-11-06 15:27:13,22,11.596368,48.228902,11.586151,48.228769,34.43
129,0,15,184.0,184.0,00:00:05,,0.00,2.00,0.00,2010-11-06 15:27:15,2010-11-06 15:27:20,6,11.585166,48.22871,11.582701,48.228478,30.72
129,0,16,0.0,0.0,,,0.00,0.00,0.00,2010-11-06 15:27:22,2010-11-06 15:27:22,1,11.581663,48.228396,11.581663,48.228396,0.00
129,0,17,37.0,37.0,00:00:01,,0.00,0.00,2.00,2010-11-06 15:27:28,2010-11-06 15:27:29,2,11.578724,48.228114,11.578233,48.228068,18.35
129,0,18,150.0,150.0,00:00:04,,0.00,1.00,0.00,2010-11-06 15:27:31,2010-11-06 15:27:35,5,11.577223,48.227974,11.575219,48.227802,29.92
129,0,19,654.0,654.0,00:00:18,,0.00,4.63,0.63,2010-11-06 15:27:37,2010-11-06 15:27:55,19,11.574203,48.227714,11.565408,48.227159,34.44
129,0,20,7268.0,7268.0,00:03:59,,34.02,32.80,27.80,2010-11-06 15:28:13,2010-11-06 15:32:12,240,11.556994,48.226991,11.465957,48.209502,30.28
129,0,21,7664.0,7665.0,00:04:22,,34.12,23.42,24.42,2010-11-06 15:33:02,2010-11-06 15:37:24,263,11.453394,48.204798,11.361055,48.226169,29.14
129,1,0,26893.0,26894.0,00:15:12,00:05:20,42.85,42.71,45.71,2012-02-25 06:26:05,2012-02-25 06:46:37,239,11.609227,48.182908,11.360831,48.226225,112.52
129,2,0,3442.0,3442.0,00:41:57,00:07:13,2.00,21.40,20.40,2008-10-25 14:57:34,2008-10-25 15:46:44,2949,11.6352054,48.1680422,11.634849,48.1673299,1.17
129,3,0,11321.0,11326.0,00:08:56,00:00:50,31.23,69.83,114.83,2012-11-09 17:43:11,2012-11-09 17:52:57,587,11.563675,48.061636,11.52885,48.141485,19.29
129,4,0,7633.0,7634.0,00:49:23,,3.79,38.88,38.88,2013-08-14 18:52:48,2013-08-14 19:42:11,120,11.550784,48.161511,11.550753,48.161575,63.61
129,5,0,3577.0,3578.0,00:09:20,00:00:27,8.70,14.18,27.18,2013-08-13 19:11:32,2013-08-13 19:21:19,439,11.5161721,48.0989606,11.5026972,48.1195757,8.15
12,0,0,163810.0,163918.0,,,0.00,821.75,848.75,,,4934,11.552175,48.165814,11.540807,48.226031,33.20
12,1,0,11028.0,11028.0,00:07:05,,31.49,11.82,32.82,2015-03-18 15:56:13,2015-03-18 16:03:18,66,11.7213412,48.1839263,11.6430087,48.2478371,167.08
1300,0,0,13481.0,13484.0,,,0.00,46.55,61.55,,,5000,11.608866,48.069251,11.61039,48.094056,2.70
1301,0,0,60259.0,60314.0,,,0.00,203.26,219.26,,,5000,11.61039,48.094056,11.549468,48.109926,12.05
1302,0,0,15297.0,15302.0,,,0.00,123.44,119.44,,,5000,11.549474,48.109937,11.526592,48.12603,3.06
1303,0,0,55323.0,55331.0,,,0.00,234.16,236.16,,,5000,11.52657,48.126044,11.625923,48.134609,11.06
1304,0,0,84745.0,84769.0,,,0.00,265.87,260.87,,,5000,11.626156,48.134591,11.59091,48.130667,16.95
1305,0,0,19375.0,19395.0,,,0.00,127.71,156.71,,,5000,11.590909,48.130674,11.598219,48.148058,3.87
1306,0,0,18317.0,18322.0,,,0.00,142.22,130.22,,,5000,11.598242,48.148083,11.586601,48.163312,3.66
1307,0,0,59306.0,59339.0,,,0.00,215.05,223.05,,,5000,11.586603,48.163346,11.59847,48.148331,11.86
1308,0,0,45281.0,45294.0,,,0.00,249.16,211.16,,,5000,11.598431,48.148294,11.5231,48.107036,9.06
1309,0,0,235117.0,235169.0,,,0.00,428.14,420.14,,,5000,11.523155,48.107068,11.606408,48.081431,47.02
130,0,0,2365.0,2365.0,00:06:39,00:00:44,9.04,9.59,19.59,2013-08-13 19:21:20,2013-08-13 19:28:43,352,11.5026991,48.1196349,11.5074027,48.1376808,6.72
130,1,0,113268.0,113304.0,,,0.00,331.01,308.01,,,4648,11.5333725,48.1372682,11.4579504,48.1056104,24.37
1310,0,0,49642.0,49652.0,,,0.00,173.23,172.23,,,5000,11.606361,48.081516,11.602848,48.07617,9.93
1311,0,0,159492.0,159539.0,,,0.00,577.15,602.15,,,5000,11.602818,48.076151,11.716111,48.127796,31.90
1312,0,0,131951.0,132001.0,,,0.00,496.52,473.52,,,5000,11.71619,48.127935,11.59561,48.084531,26.39
1313,0,0,138873.0,138959.0,,,0.00,439.21,468.21,,,5000,11.595528,48.084635,11.61633,48.149443,27.77
1314,0,0,338631.0,338680.0,,,0.00,779.04,773.04,,,5000,11.616383,48.149251,11.546879,48.134073,67.73
1315,0,0,111040.0,111093.0,,,0.00,508.17,523.17,,,5000,11.546858,48.134147,11.545031,48.165243,22.21
1316,0,0,70601.0,70648.0,,,0.00,293.38,290.38,,,5000,11.545033,48.165245,11.542571,48.163206,14.12
1317,0,0,63037.0,63093.0,,,0.00,285.87,259.87,,,5000,11.542623,48.163248,11.478106,48.11886,12.61
1318,0,0,69770.0,69787.0,,,0.00,319.20,346.20,,,5000,11.478126,48.118965,11.542423,48.163146,13.95
1319,0,0,81829.0,81842.0,,,0.00,369.59,375.59,,,5000,11.542423,48.163148,11.598805,48.174938,16.37
131,0,0,71035.0,71062.0,,,0.00,81.65,124.65,,,3420,11.4578926,48.1056364,11.5758815,48.1843601,20.77
131,1,0,6456.0,6457.0,00:26:58,00:09:38,6.42,50.71,31.71,2013-08-10 22:51:56,2013-08-10 23:28:32,1580,11.5074367,48.1376701,11.5163585,48.0991828,4.09
1320,0,0,53200.0,53212.0,,,0.00,345.68,334.68,,,5000,11.598685,48.174826,11.53743,48.157491,10.64
1321,0,0,61734.0,61754.0,,,0.00,280.85,247.85,,,5000,11.537436,48.157606,11.604786,48.073588,12.35
1322,0,0,196580.0,196615.0,,,0.00,529.14,526.14,,,5000,11.604691,48.073705,11.625733,48.062175,39.32
1323,0,0,308795.0,308869.0,,,0.00,548.40,551.40,,,5000,11.625733,48.062141,11.626271,48.067278,61.76
1324,0,0,21196.0,21202.0,,,0.00,94.34,130.34,,,5000,11.626268,48.06725,11.563996,48.151063,4.24
1325,0,0,4019.0,4022.0,,,0.00,37.94,27.94,,,5000,11.563996,48.151063,11.55931,48.125796,0.80
1326,0,0,23460.0,23464.0,,,0.00,130.62,104.62,,,5000,11.559475,48.125755,11.601921,48.073481,4.69
1327,0,0,54413.0,54442.0,,,0.00,168.05,216.05,,,5000,11.60189,48.073453,11.593985,48.175185,10.88
1328,0,0,59666.0,59701.0,,,0.00,209.71,165.71,,,5000,11.592608,48.175718,11.611721,48.078711,11.93
1329,0,0,131668.0,131714.0,,,0.00,314.75,373.75,,,5000,11.611736,48.07869,11.671665,48.228991,26.33
132,0,0,114546.0,114585.0,,,0.00,503.39,431.39,,,3136,11.5756048,48.1843725,11.4767174,48.0651879,36.53
132,1,0,3215.0,3215.0,00:12:08,00:12:23,7.49,14.60,14.60,2013-08-03 17:15:06,2013-08-03 17:39:37,877,11.5158873,48.0983262,11.5163232,48.0988651,3.67
132,2,0,7206.0,7208.0,00:20:41,00:00:24,8.10,69.43,32.43,2013-08-02 07:35:40,2013-08-02 07:56:45,987,11.5164521,48.0992384,11.4545904,48.0669078,7.30
1330,0,0,146925.0,146957.0,,,0.00,391.98,370.98,,,5000,11.671796,48.229068,11.630476,48.177126,29.38
1331,0,0,151363.0,151417.0,,,0.00,381.49,405.49,,,5000,11.630468,48.176996,11.634683,48.23165,30.27
1332,0,0,54708.0,54724.0,,,0.00,284.19,242.19,,,5000,11.634817,48.231917,11.573658,48.139935,10.94
1333,0,0,62606.0,62619.0,,,0.00,271.60,262.60,,,5000,11.573696,48.139971,11.692359,48.112981,12.52
1334,0,0,75036.0,75045.0,,,0.00,215.38,200.38,,,5000,11.692225,48.11296,11.629423,48.06694,15.01
1335,0,0,30730.0,30741.0,,,0.00,151.80,156.80,,,5000,11.629488,48.066933,11.653853,48.077826,6.15
1336,0,0,150411.0,150460.0,,,0.00,352.15,362.15,,,5000,11.65386,48.077848,11.691942,48.113122,30.08
1337,0,0,48889.0,48894.0,,,0.00,179.62,161.62,,,5000,11.691992,48.113089,11.605011,48.072635,9.78
1338,0,0,24567.0,24570.0,,,0.00,83.43,82.43,,,5000,11.605011,48.072635,11.603706,48.06792,4.91
1339,0,0,65115.0,65139.0,,,0.00,294.82,299.82,,,5000,11.60378,48.067911,11.612415,48.074978,13.02
133,0,0,832.0,832.0,00:03:48,00:03:53,5.16,15.38,3.38,2013-08-02 07:56:46,2013-08-02 08:04:27,362,11.4545573,48.0668756,11.4480222,48.0616254,2.30
133,1,0,97619.0,97692.0,,,0.00,375.62,441.62,,,2360,11.368025,48.062068,11.6883021,48.1346947,41.36
133,2,0,12777.0,12780.0,00:36:48,00:01:14,8.38,87.14,83.14,2013-08-01 16:33:50,2013-08-01 17:11:52,2278,11.5162677,48.0995479,11.5163543,48.0988779,5.61
1340,0,0,135116.0,135232.0,,,0.00,396.68,387.68,,,5000,11.612383,48.074941,11.610455,48.06715,27.02
1341,0,0,82698.0,82715.0,,,0.00,322.64,353.64,,,5000,11.610416,48.067223,11.556255,48.12847,16.54
1342,0,0,55780.0,55809.0,,,0.00,181.95,185.95,,,5000,11.556335,48.128503,11.57639,48.13584,11.16
1343,0,0,10636.0,10638.0,,,0.00,72.88,70.88,,,5000,11.576383,48.135841,11.565783,48.133918,2.13
1344,0,0,12188.0,12190.0,,,0.00,71.60,75.60,,,5000,11.565813,48.133946,11.571478,48.134236,2.44
1345,0,0,15547.0,15551.0,,,0.00,104.99,89.99,,,5000,11.571508,48.134251,11.582201,48.120173,3.11
1346,0,0,13058.0,13062.0,,,0.00,100.86,113.86,,,5000,11.582203,48.120173,11.577763,48.137785,2.61
1347,0,0,6658.0,6658.0,,,0.00,14.14,19.14,,,5000,11.577768,48.137783,11.578371,48.139576,1.33
1348,0,0,5615.0,5617.0,,,0.00,47.11,46.11,,,5000,11.578373,48.13958,11.578265,48.142668,1.12
1349,0,0,6463.0,6465.0,,,0.00,39.12,44.12,,,5000,11.578248,48.142668,11.583571,48.144256,1.29
134,0,0,74114.0,74136.0,,,0.00,401.83,373.83,,,4561,11.6883142,48.1346898,11.5041278,48.1006245,16.25
134,1,0,2664.0,2664.0,00:07:18,,7.46,20.58,13.58,2013-07-27 09:03:40,2013-07-27 09:10:58,439,11.659564,48.2481297,11.6692591,48.2339629,6.07
1350,0,0,5318.0,5319.0,,,0.00,38.69,32.69,,,5000,11.583573,48.144256,11.583281,48.138541,1.06
1351,0,0,14389.0,14402.0,,,0.00,93.94,97.94,,,5000,11.583293,48.138543,11.576996,48.145092,2.88
1352,0,0,10391.0,10401.0,,,0.00,83.00,82.00,,,5000,11.576998,48.145103,11.585739,48.131848,2.08
1353,0,0,6943.0,6956.0,,,0.00,46.84,45.84,,,5000,11.585739,48.131849,11.586111,48.128933,1.39
1354,0,0,4853.0,4860.0,,,0.00,43.71,27.71,,,5000,11.586111,48.128933,11.603243,48.127628,0.97
1355,0,0,12248.0,12263.0,,,0.00,77.89,90.89,,,5000,11.603256,48.127636,11.565931,48.133686,2.45
1356,0,0,22790.0,22802.0,,,0.00,224.16,218.16,,,5000,11.565931,48.133686,11.594578,48.128353,4.56
1357,0,0,20364.0,20378.0,,,0.00,116.96,120.96,,,5000,11.594578,48.128353,11.576043,48.13709,4.07
1358,0,0,7014.0,7022.0,,,0.00,47.66,47.66,,,5000,11.576043,48.13709,11.576043,48.136566,1.40
1359,0,0,7944.0,7957.0,,,0.00,60.62,60.62,,,5000,11.576043,48.136566,11.576153,48.136933,1.59
135,0,0,26666.0,26674.0,01:13:07,03:31:03,8.05,204.19,211.19,2013-07-27 09:10:59,2013-07-27 13:55:09,5000,11.6691946,48.2339222,11.6627463,48.2277805,5.33
1360,0,0,27811.0,27843.0,,,0.00,129.09,122.09,,,5000,11.576153,48.136933,11.650885,48.118843,5.56
1361,0,0,80232.0,80239.0,,,0.00,177.19,181.19,,,5000,11.650881,48.118776,11.424435,48.150543,16.05
1362,0,0,79233.0,79259.0,,,0.00,205.03,244.03,,,5000,11.424435,48.15054,11.557928,48.226915,15.85
1363,0,0,118332.0,118353.0,,,0.00,346.08,302.08,,,5000,11.557398,48.226901,11.68143,48.117863,23.67
1364,0,0,124041.0,124089.0,,,0.00,315.34,315.34,,,5000,11.681278,48.117924,11.675604,48.119277,24.81
1365,0,0,45584.0,45594.0,,,0.00,181.51,164.51,,,5000,11.675855,48.119277,11.65134,48.077848,9.12
1366,0,0,48177.0,48187.0,,,0.00,214.19,216.19,,,5000,11.65134,48.07785,11.65055,48.098498,9.64
1367,0,0,40520.0,40525.0,,,0.00,222.23,229.23,,,5000,11.650695,48.098471,11.6155,48.111036,8.10
1368,0,0,37503.0,37507.0,,,0.00,191.57,181.57,,,5000,11.615508,48.111171,11.64991,48.081466,7.50
1369,0,0,41123.0,41127.0,,,0.00,180.16,184.16,,,5000,11.649916,48.081418,11.649613,48.092301,8.22
136,0,0,3782.0,3783.0,00:11:23,00:00:02,7.03,26.10,26.10,2013-07-27 13:55:10,2013-07-27 14:06:35,686,11.6627391,48.2278503,11.6594997,48.248184,5.51
136,1,0,42214.0,42217.0,,,0.00,112.45,68.45,,,435,11.7226824,48.2053213,11.361389,48.128773,97.04
136,2,0,13351.0,13356.0,01:04:37,00:00:01,5.02,119.53,132.53,2013-07-22 19:00:48,2013-07-22 20:05:26,3879,11.5437162,48.1324574,11.5767776,48.1474677,3.44
1370,0,0,27063.0,27068.0,,,0.00,104.75,112.75,,,5000,11.649468,48.092301,11.679995,48.116058,5.41
1371,0,0,120497.0,120556.0,,,0.00,374.56,388.56,,,5000,11.680158,48.116141,11.659871,48.139166,24.10
1372,0,0,550951.0,551020.0,,,0.00,962.59,946.59,,,5000,11.660235,48.139145,11.607849,48.109023,110.19
1373,0,0,1576534.0,1576583.0,,,0.00,2063.37,2080.37,,,5000,11.605918,48.108787,11.70928,48.152174,315.31
1374,0,0,963875.0,963954.0,,,0.00,1338.57,1324.57,,,5000,11.707928,48.150758,11.616157,48.131577,192.77
1375,0,0,181895.0,182002.0,,,0.00,430.54,459.54,,,5000,11.616163,48.13158,11.703023,48.191238,36.38
1376,0,0,147886.0,147922.0,,,0.00,489.25,477.25,,,5000,11.702768,48.191284,11.575057,48.145714,29.58
1377,0,0,114021.0,114050.0,,,0.00,334.03,325.03,,,5000,11.575058,48.145718,11.556132,48.12812,22.80
1378,0,0,81390.0,81420.0,,,0.00,367.05,379.05,,,5000,11.556247,48.128048,11.652392,48.155163,16.28
1379,0,0,60324.0,60336.0,,,0.00,298.34,293.34,,,5000,11.652287,48.155193,11.640692,48.155182,12.06
137,0,0,4509.0,4511.0,00:21:15,00:00:02,4.99,48.06,34.06,2013-07-22 20:05:27,2013-07-22 20:26:44,1278,11.5767376,48.1474947,11.5460135,48.1323723,3.53
137,1,0,136077.0,136108.0,,,0.00,424.08,489.08,,,3722,11.4966537,48.088848,11.4604113,48.2066364,36.56
1380,0,0,38099.0,38109.0,,,0.00,285.35,283.35,,,5000,11.640582,48.155197,11.559842,48.150982,7.62
1381,0,0,43936.0,43950.0,,,0.00,260.16,279.16,,,5000,11.559855,48.151054,11.574535,48.195213,8.79
1382,0,0,54593.0,54603.0,,,0.00,338.26,308.26,,,5000,11.574328,48.195213,11.601295,48.126511,10.92
1383,0,0,181308.0,181363.0,,,0.00,535.21,530.21,,,5000,11.601427,48.126595,11.541238,48.110764,36.26
1384,0,0,140701.0,140731.0,,,0.00,465.14,496.14,,,5000,11.541735,48.110836,11.65122,48.191128,28.14
1385,0,0,221512.0,221545.0,,,0.00,607.18,600.18,,,5000,11.650873,48.191166,11.711387,48.166489,44.30
1386,0,0,139702.0,139741.0,,,0.00,472.74,458.74,,,5000,11.711108,48.166321,11.560723,48.136303,27.94
1387,0,0,744834.0,744862.0,,,0.00,794.83,786.83,,,5000,11.560713,48.136311,11.53471,48.139256,148.97
1388,0,0,520055.0,520119.0,,,0.00,1071.14,1047.14,,,5000,11.53471,48.139252,11.644354,48.061782,104.01
1389,0,0,96554.0,96564.0,,,0.00,346.98,395.98,,,5000,11.644993,48.061836,11.495168,48.19396,19.31
138,0,0,212221.0,212272.0,,,0.00,756.39,711.39,,,5000,11.4606319,48.2067704,11.5255883,48.1100609,42.44
1390,0,0,126725.0,126751.0,,,0.00,539.88,507.88,,,5000,11.495256,48.193988,11.365271,48.130105,25.35
1391,0,0,80529.0,80549.0,,,0.00,267.44,282.44,,,5000,11.365258,48.130121,11.399983,48.152113,16.11
1392,0,0,186572.0,186592.0,,,0.00,538.68,543.68,,,5000,11.3998,48.152036,11.54818,48.140735,37.31
1393,0,0,214265.0,214303.0,,,0.00,878.87,847.87,,,5000,11.548107,48.140756,11.541354,48.100659,42.85
1394,0,0,294311.0,294429.0,,,0.00,538.60,578.60,,,5000,11.541359,48.100632,11.380443,48.187858,58.86
1395,0,0,41456.0,41466.0,,,0.00,237.91,233.91,,,5000,11.380328,48.18793,11.429863,48.1737,8.29
1396,0,0,146400.0,146436.0,,,0.00,467.14,465.14,,,5000,11.429865,48.173743,11.542783,48.162438,29.28
1397,0,0,89268.0,89287.0,,,0.00,287.49,279.49,,,3011,11.542935,48.16235,11.539333,48.154283,29.65
139,0,0,220106.0,220133.0,,,0.00,643.99,672.99,,,5000,11.5254745,48.1100148,11.4333986,48.1822902,44.02
13,0,0,103686.0,103706.0,,,0.00,158.61,162.61,,,1820,11.544727,48.226311,11.3708289,48.248047,56.97
13,1,0,207.0,207.0,00:02:44,00:04:25,2.65,0.50,2.50,2015-03-04 12:19:41,2015-03-04 12:26:50,166,11.572526,48.1478467,11.5723512,48.1477484,1.24
13,2,0,33979.0,33984.0,02:27:36,00:05:46,7.72,166.12,166.12,2014-04-27 12:10:04,2014-04-27 14:43:26,1631,11.6481114,48.0952,11.6482019,48.0951817,20.83
13,3,0,36069.0,36070.0,00:38:25,00:00:50,26.06,71.64,40.64,2015-01-30 16:02:14,2015-01-30 16:41:29,238,11.360983,48.225891,11.6451,48.126618,151.55
13,3,1,36249.0,36250.0,00:33:17,00:01:30,31.11,33.52,64.52,2015-01-30 17:11:37,2015-01-30 17:46:24,214,11.645081,48.12633,11.3627029,48.2251179,169.39
13,4,0,37.0,37.0,00:00:31,,1.92,0.00,0.00,2015-02-05 17:38:02,2015-02-05 17:38:33,27,11.555178,48.085403,11.555384,48.085675,1.35
13,4,1,469.0,469.0,00:08:20,00:00:01,3.96,2.61,2.61,2015-02-05 17:29:47,2015-02-05 17:38:08,26,11.555033,48.085422,11.5551808,48.0854741,18.03
13,5,0,25366.0,25372.0,00:15:06,,32.54,129.92,47.92,2015-01-02 17:26:28,2015-01-02 17:41:34,470,11.642918,48.248108,11.706282,48.061617,53.97
13,6,0,24010.0,24016.0,00:14:08,,33.27,32.61,123.61,2015-01-11 10:31:35,2015-01-11 10:45:43,408,11.706538,48.061747,11.637433,48.2373,58.85
140,0,0,203637.0,203680.0,,,0.00,570.42,585.42,,,4125,11.4331584,48.1820017,11.4808473,48.2093692,49.37
140,1,0,17986.0,17997.0,01:02:50,00:20:52,7.40,113.86,109.86,2013-07-14 08:12:03,2013-07-14 09:35:45,875,11.6594511,48.2479759,11.631448,48.2481756,20.55
141,0,0,86904.0,86925.0,,,0.00,272.52,247.52,,,3455,11.48133,48.2093057,11.4339191,48.1641927,25.15
141,1,0,21650.0,21688.0,01:29:06,00:58:31,6.81,173.45,169.45,2013-07-13 07:47:55,2013-07-13 10:15:32,1545,11.6593071,48.2473398,11.6302557,48.2480691,14.01
142,0,0,88239.0,88271.0,,,0.00,242.57,258.57,,,1927,11.4339174,48.1641876,11.5949656,48.1560938,45.79
142,1,0,9677.0,9681.0,00:50:45,00:00:27,5.00,88.61,98.61,2013-07-08 19:05:11,2013-07-08 19:56:23,3073,11.5436351,48.1325602,11.5600897,48.1448333,3.15
143,0,0,2681.0,2684.0,00:14:20,00:00:34,4.31,44.11,32.11,2013-07-08 19:56:24,2013-07-08 20:11:18,895,11.5600751,48.1448311,11.5459962,48.1323696,3.00
143,1,0,5246.0,5246.0,01:01:45,00:06:39,1.92,24.94,14.94,2013-07-07 12:51:17,2013-07-07 13:59:41,4105,11.7199239,48.174668,11.7204667,48.1504898,1.28
144,0,0,3859.0,3860.0,00:44:37,00:06:16,2.14,13.36,24.36,2013-07-07 13:59:42,2013-07-07 14:50:35,3054,11.7204792,48.1504934,11.7207416,48.1741744,1.26
144,1,0,86909.0,86923.0,,,0.00,220.54,248.54,,,1043,11.555741,48.1123759,11.6647221,48.1773381,83.33
144,2,0,3148.0,3148.0,00:05:46,00:00:11,14.75,12.96,8.96,2013-07-05 15:19:03,2013-07-05 15:25:00,357,11.7227506,48.0916366,11.7134943,48.0768852,8.82
144,2,1,74.0,74.0,00:00:08,,0.00,2.00,0.00,2013-07-05 15:25:00,2013-07-05 15:25:08,9,11.7134943,48.0768852,11.7125539,48.0770225,8.25
144,2,2,4149.0,4149.0,00:08:39,00:00:17,12.49,22.20,20.20,2013-07-05 15:25:15,2013-07-05 15:34:11,537,11.7116737,48.0773391,11.6797304,48.0628891,7.73
145,0,0,16102.0,16105.0,,,0.00,53.36,75.36,,,833,11.664882,48.1772997,11.6454445,48.2481069,19.33
145,1,0,15684.0,15688.0,01:08:54,00:00:32,5.09,114.80,122.80,2013-07-01 19:06:14,2013-07-01 20:15:40,4167,11.5432009,48.1322083,11.5570193,48.1195726,3.76
146,0,0,3767.0,3769.0,00:18:11,00:00:01,4.48,44.01,37.01,2013-07-01 20:15:41,2013-07-01 20:33:53,1093,11.5569903,48.1195916,11.5438677,48.1324891,3.45
146,1,0,18774.0,18793.0,,,0.00,83.60,43.60,,,3907,11.5574722,48.2482067,11.5184569,48.1476151,4.81
147,0,0,86931.0,86959.0,,,0.00,305.59,329.59,,,3538,11.5184569,48.1476151,11.5955426,48.1826466,24.57
147,1,0,662.0,662.0,00:03:12,,4.86,2.07,4.07,2013-06-26 07:07:14,2013-06-26 07:10:26,49,11.5882427,48.16947,11.5940811,48.1709445,13.50
147,1,1,4604.0,4606.0,00:22:49,,4.41,44.77,33.77,2013-06-26 07:11:01,2013-06-26 07:33:50,312,11.5946808,48.1707552,11.6447418,48.1629429,14.76
147,1,2,8068.0,8069.0,00:41:10,,3.98,33.39,38.39,2013-06-26 07:34:02,2013-06-26 08:15:12,494,11.645046,48.162966,11.7104228,48.1614653,16.33
147,1,3,1563.0,1563.0,00:08:08,,4.16,1.40,5.40,2013-06-26 08:15:13,2013-06-26 08:23:21,102,11.7103981,48.1614897,11.7000384,48.1700524,15.32
147,1,4,7785.0,7786.0,00:41:21,,3.87,37.43,31.43,2013-06-26 08:23:32,2013-06-26 09:04:53,505,11.7000908,48.1701442,11.6368097,48.1711414,15.42
148,0,0,927.0,927.0,00:05:18,,4.90,4.82,7.82,2013-06-26 09:04:54,2013-06-26 09:10:12,71,11.6367639,48.1711071,11.6308808,48.176057,13.05
148,0,1,31.0,31.0,00:00:14,,0.00,0.00,0.00,2013-06-26 09:10:23,2013-06-26 09:10:37,4,11.6308604,48.176149,11.6308635,48.1764298,7.81
148,0,2,6714.0,6715.0,00:38:51,,4.21,43.69,45.69,2013-06-26 09:10:55,2013-06-26 09:49:46,595,11.6306817,48.1765049,11.5884283,48.1681627,11.28
148,1,0,22779.0,22779.0,00:10:30,,0.00,0.00,75.00,2012-06-10 18:12:23,2012-06-10 18:22:53,5,11.7149966,48.0657383,11.6421866,48.246395,4555.79
148,2,0,99561.0,99624.0,,,0.00,536.74,508.74,,,2226,11.577222,48.1265452,11.6101006,48.0877999,44.73
148,3,0,8008.0,8010.0,00:34:46,00:00:12,4.68,61.96,68.96,2013-06-17 19:02:57,2013-06-17 19:37:55,2099,11.5432449,48.1322745,11.5581471,48.1218708,3.82
149,0,0,11612.0,11616.0,00:54:55,00:00:07,4.51,103.19,97.19,2013-06-17 19:37:56,2013-06-17 20:32:58,3303,11.5581132,48.1218481,11.5439497,48.1324395,3.52
149,1,0,8765.0,8769.0,,,0.00,64.72,77.72,,,454,11.544074,48.081243,11.57969,48.122028,19.31
149,2,0,0.0,0.0,,,0.00,0.00,0.00,2013-06-16 13:08:39,2013-06-16 13:08:39,1,11.5513501,48.1005315,11.5513501,48.1005315,0.00
149,2,1,5487.0,5493.0,00:18:08,,6.75,100.37,64.37,2013-06-16 13:09:10,2013-06-16 13:27:18,237,11.5512692,48.1005242,11.5419837,48.0616514,23.15
149,2,2,2391.0,2395.0,00:07:32,,8.62,39.23,52.23,2013-06-16 16:43:11,2013-06-16 16:50:43,100,11.5421438,48.0617955,11.544881,48.0821509,23.91
149,2,3,30.0,30.0,00:00:17,00:00:05,0.00,0.00,0.00,2013-06-16 17:53:40,2013-06-16 17:54:02,8,11.5451124,48.0821347,11.5452908,48.0823178,3.70
149,2,4,1973.0,1974.0,00:05:36,00:01:07,8.41,7.90,17.90,2013-06-16 17:54:05,2013-06-16 18:00:48,88,11.5452977,48.0823325,11.5575016,48.0951883,22.42
149,2,5,13.0,15.0,00:00:08,,0.00,0.00,6.00,2013-06-16 18:00:51,2013-06-16 18:00:59,4,11.5575014,48.0951876,11.5574263,48.0952883,3.20
149,2,6,1633.0,1634.0,00:05:31,,9.19,8.07,21.07,2013-06-16 18:01:02,2013-06-16 18:06:33,68,11.5573893,48.0953061,11.5466213,48.1014823,24.02
149,3,0,8771.0,8771.0,00:11:16,00:00:58,18.27,48.92,32.92,2013-06-15 08:45:06,2013-06-15 08:57:20,737,11.7228613,48.1721289,11.6489199,48.1255681,11.90
14,0,0,1219.0,1219.0,00:00:36,,34.27,5.55,3.55,2015-01-11 10:45:44,2015-01-11 10:46:20,37,11.63757,48.237573,11.642837,48.24797,32.95
14,1,0,1112.0,1112.0,00:07:12,,0.00,0.00,0.00,2015-02-01 18:22:03,2015-02-01 18:29:15,7,11.5274061,48.1044596,11.5274131,48.1047104,158.83
14,2,0,10961.0,10963.0,00:13:33,00:00:49,23.80,28.79,15.79,2014-05-19 08:00:19,2014-05-19 08:14:41,127,11.71968,48.142005,11.588074,48.125343,86.31
14,3,0,24677.0,24680.0,00:13:44,,34.01,13.43,92.43,2009-09-23 14:47:38,2009-09-23 15:01:22,82,11.711716,48.064144,11.642954,48.248067,300.95
14,4,0,4689.0,4691.0,00:52:38,00:59:24,2.13,27.59,27.59,2010-11-27 11:55:21,2010-11-27 13:47:23,4256,11.5671569,48.128044,11.5671559,48.1280329,1.10
14,5,0,8798.0,8801.0,00:26:36,00:00:10,6.66,45.17,67.17,2014-06-28 18:29:36,2014-06-28 18:56:22,491,11.3610179,48.0930989,11.4592599,48.1084059,17.92
150,0,0,10649.0,10650.0,00:14:51,00:02:55,18.52,37.47,52.47,2013-06-15 08:57:21,2013-06-15 09:15:07,1067,11.6487182,48.1255929,11.7227715,48.1652773,9.98
150,1,0,140.0,140.0,00:02:35,00:00:22,0.00,0.00,0.00,2013-06-09 13:00:24,2013-06-09 13:03:21,17,11.527889,48.119408,11.527143,48.120323,8.21
150,2,0,19.0,19.0,00:00:09,00:00:19,0.00,0.00,0.00,2013-06-08 18:31:37,2013-06-08 18:32:05,29,11.577557,48.1425316,11.577615,48.1426778,0.64
150,2,1,17.0,17.0,00:00:19,00:00:10,0.00,0.00,0.00,2013-06-08 18:33:02,2013-06-08 18:33:31,30,11.5775512,48.1426095,11.5775153,48.1425825,0.57
150,2,2,6807.0,6811.0,00:33:32,00:00:27,6.34,66.16,72.16,2013-06-08 18:35:04,2013-06-08 19:09:03,1959,11.5774644,48.1426605,11.5516467,48.1326852,3.47
150,2,3,13.0,15.0,00:00:20,00:00:03,1.14,0.00,6.00,2013-06-08 19:23:53,2013-06-08 19:24:16,24,11.5516569,48.1327113,11.5516801,48.1327961,0.55
150,2,4,4346.0,4348.0,00:30:46,00:00:27,3.89,47.57,41.57,2013-06-08 19:34:05,2013-06-08 20:05:18,1874,11.5517652,48.1329652,11.5741775,48.1508012,2.32
151,0,0,1261.0,1261.0,00:06:22,00:00:01,5.41,10.64,7.64,2013-06-08 20:05:19,2013-06-08 20:11:42,384,11.5741926,48.1508003,11.5776592,48.1427007,3.28
151,1,0,142850.0,142929.0,,,0.00,562.67,584.67,,,4504,11.6623749,48.1264117,11.4980489,48.1933232,31.72
151,2,0,7869.0,7869.0,00:04:16,,0.00,6.91,3.91,2013-05-18 05:46:03,2013-05-18 05:50:19,17,11.3626022,48.2249374,11.4580812,48.2049636,462.86
151,2,1,34726.0,34726.0,00:18:32,,35.35,90.42,7.42,2013-05-18 05:50:56,2013-05-18 06:09:28,39,11.4672899,48.2096557,11.7073545,48.0622406,890.40
151,2,2,35011.0,35012.0,00:20:28,,33.42,8.70,90.70,2013-06-01 12:05:43,2013-06-01 12:26:11,42,11.7068977,48.0618286,11.4647626,48.2091102,833.60
151,2,3,7617.0,7617.0,00:04:18,,0.00,2.08,5.08,2013-06-01 12:26:56,2013-06-01 12:31:14,14,11.4527425,48.2046737,11.3608779,48.2261695,544.06
152,0,0,91896.0,91924.0,,,0.00,426.62,395.62,,,3229,11.4975259,48.193335,11.582583,48.120507,28.46
152,1,0,21164.0,21173.0,02:55:59,00:00:18,6.93,142.49,142.49,2010-07-12 12:51:11,2010-07-12 15:47:28,500,11.470079,48.103891,11.470288,48.103978,42.33
152,1,1,22720.0,22725.0,01:35:47,00:00:27,7.97,124.68,128.68,2010-07-24 11:17:07,2010-07-24 12:53:21,574,11.469767,48.103704,11.468257,48.108029,39.58
152,1,2,24774.0,24778.0,01:18:26,,7.88,143.02,149.02,2012-09-10 11:35:20,2012-09-10 12:53:46,653,11.467871,48.10808,11.465599,48.113725,37.94
152,1,3,1191.0,1191.0,00:03:20,,7.88,5.49,2.49,2012-09-11 15:07:33,2012-09-11 15:10:53,44,11.470105,48.103875,11.460224,48.09811,27.07
153,0,0,16428.0,16433.0,00:47:09,00:05:24,8.49,123.46,125.46,2012-09-11 15:10:57,2012-09-11 16:03:30,414,11.459937,48.098109,11.468719,48.105279,39.68
153,0,1,48691.0,48700.0,02:13:14,00:23:49,7.98,272.75,272.75,2012-09-19 14:33:58,2012-09-19 17:11:01,1549,11.467991,48.108058,11.467895,48.108009,31.43
153,0,2,15893.0,15898.0,00:39:17,01:39:10,8.11,132.03,132.03,2012-09-25 10:44:21,2012-09-25 13:02:48,444,11.467879,48.10808,11.46823,48.108041,35.79
153,0,3,16851.0,16859.0,00:57:25,00:00:22,6.80,163.54,161.54,2010-08-09 15:31:40,2010-08-09 16:29:27,684,11.468663,48.106876,11.470093,48.103842,24.64
153,0,4,22208.0,22216.0,01:18:51,00:05:17,6.61,181.84,178.84,2010-08-13 14:39:23,2010-08-13 16:03:31,948,11.468183,48.107972,11.468764,48.106779,23.43
153,0,5,23178.0,23187.0,01:43:41,00:01:16,7.88,177.75,172.75,2010-08-19 15:04:51,2010-08-19 16:49:48,804,11.46807,48.108023,11.468858,48.104906,28.83
153,0,6,4358.0,4359.0,00:12:53,,7.17,34.87,21.87,2010-08-22 11:40:50,2010-08-22 11:53:43,157,11.467998,48.107902,11.431793,48.093809,27.76
154,0,0,14176.0,14182.0,00:39:12,,8.11,137.28,144.28,2010-08-22 11:53:47,2010-08-22 12:32:59,496,11.431327,48.093859,11.470247,48.103875,28.58
154,0,1,22806.0,22818.0,01:16:50,00:00:29,7.15,229.41,229.41,2010-08-24 14:28:47,2010-08-24 15:46:06,927,11.468221,48.108112,11.468099,48.108,24.60
154,0,2,23775.0,23787.0,01:41:08,00:00:13,7.62,201.05,201.05,2010-08-25 14:31:37,2010-08-25 16:12:58,764,11.467795,48.108043,11.468085,48.107957,31.12
154,0,3,22049.0,22054.0,02:00:06,00:01:14,8.41,129.53,131.53,2010-08-30 14:05:44,2010-08-30 16:07:04,529,11.470426,48.103999,11.468856,48.106762,41.68
154,0,4,22159.0,22164.0,01:19:57,00:00:55,8.42,113.18,123.18,2008-04-21 14:07:29,2008-04-21 15:28:21,528,11.469451,48.103558,11.465481,48.113612,41.97
154,0,5,23891.0,23899.0,02:44:20,00:01:26,7.92,151.97,153.97,2008-04-28 14:40:15,2008-04-28 17:26:01,619,11.470077,48.103972,11.468546,48.105189,38.60
154,0,6,22625.0,22634.0,01:23:49,,8.27,166.99,167.99,2012-07-06 15:04:55,2012-07-06 16:28:44,592,11.470337,48.104005,11.469957,48.103576,38.22
154,0,7,19558.0,19564.0,01:29:40,00:00:07,8.05,128.53,136.53,2012-07-09 12:13:39,2012-07-09 13:43:26,545,11.468181,48.10803,11.438837,48.1153,35.89
155,0,0,2041.0,2041.0,00:04:23,,9.18,12.38,12.38,2012-07-09 13:43:35,2012-07-09 13:47:58,42,11.439684,48.115072,11.465368,48.113549,48.59
155,0,1,21263.0,21267.0,02:31:15,00:01:52,8.19,96.80,103.80,2012-07-12 14:06:15,2012-07-12 16:39:22,412,11.47075,48.099265,11.468151,48.108066,51.61
155,0,2,22501.0,22510.0,01:20:32,00:01:26,8.71,158.01,160.01,2012-07-27 15:40:14,2012-07-27 17:02:12,578,11.470007,48.103966,11.468525,48.107174,38.93
155,0,3,23538.0,23546.0,01:35:35,00:02:43,7.79,178.27,175.27,2010-11-02 14:41:08,2010-11-02 16:19:26,677,11.468014,48.108006,11.468865,48.105154,34.77
155,0,4,22593.0,22596.0,02:49:12,00:00:40,7.81,104.60,111.60,2010-11-14 12:01:57,2010-11-14 14:51:49,473,11.470803,48.099303,11.468163,48.10804,47.76
155,0,5,21016.0,21022.0,02:41:15,00:01:15,7.38,121.88,128.88,2010-11-17 13:08:39,2010-11-17 15:51:09,550,11.470706,48.0992,11.468258,48.108039,38.21
155,0,6,22524.0,22532.0,01:22:39,00:01:37,8.58,156.35,158.35,2010-11-22 14:46:23,2010-11-22 16:10:39,581,11.470362,48.103936,11.468595,48.1051,38.77
155,0,7,22384.0,22390.0,02:44:40,00:01:01,7.80,143.43,144.43,2010-11-25 11:49:14,2010-11-25 14:34:55,563,11.470043,48.103917,11.46965,48.103652,39.76
155,0,8,14430.0,14435.0,00:50:01,00:00:58,7.30,127.09,122.09,2011-03-04 13:00:41,2011-03-04 13:51:40,581,11.468272,48.108145,11.471005,48.09962,24.84
155,0,9,20208.0,20214.0,01:21:56,00:01:11,7.68,114.56,125.56,2011-03-11 11:43:18,2011-03-11 13:06:25,543,11.469704,48.103948,11.435654,48.11487,37.21
156,0,0,2456.0,2457.0,00:06:37,00:00:31,7.52,12.88,11.88,2011-03-11 13:06:28,2011-03-11 13:13:36,71,11.435785,48.115032,11.465528,48.113722,34.59
156,0,1,23395.0,23403.0,01:29:44,00:01:45,8.00,153.99,163.99,2011-03-24 12:25:26,2011-03-24 13:56:55,605,11.469783,48.103677,11.465647,48.113696,38.67
156,0,2,22571.0,22578.0,01:22:08,,8.00,148.40,148.40,2011-03-26 14:57:24,2011-03-26 16:19:32,556,11.470287,48.103949,11.470277,48.103983,40.60
156,0,3,21814.0,21819.0,01:24:00,00:03:02,7.78,111.67,121.67,2010-08-16 11:40:54,2010-08-16 13:07:56,496,11.469957,48.103753,11.465468,48.113622,43.98
156,0,4,22378.0,22383.0,01:41:35,00:00:34,7.42,120.42,131.42,2010-08-23 10:03:23,2010-08-23 11:45:32,543,11.470262,48.10394,11.465518,48.113675,41.21
156,1,0,103841.0,103876.0,,,0.00,298.24,285.24,,,1801,11.559587,48.141068,11.58957,48.1225242,57.66
156,2,0,166514.0,166515.0,,,0.00,96.04,108.04,2013-05-25 17:38:36,2013-05-25 17:38:36,192,11.4520519,48.1149605,11.4880117,48.1367417,867.26
156,3,0,2130.0,2131.0,00:09:39,00:00:09,5.31,6.68,16.68,2013-05-20 11:53:03,2013-05-20 12:02:51,589,11.5300586,48.1024475,11.5347707,48.1204954,3.62
156,3,1,584.0,584.0,00:02:26,,5.87,1.76,7.76,2013-05-20 12:02:54,2013-05-20 12:05:20,147,11.5347917,48.1205035,11.5358431,48.1255815,3.97
157,0,0,1418.0,1418.0,00:07:45,00:00:10,4.58,14.30,13.30,2013-05-20 12:05:21,2013-05-20 12:13:16,476,11.5359163,48.1255666,11.5462926,48.1321336,2.98
157,0,1,5969.0,5972.0,00:36:26,00:00:01,3.61,55.68,59.68,2013-05-20 13:01:31,2013-05-20 13:37:58,2188,11.5436219,48.1325125,11.5492178,48.1246208,2.73
157,0,2,1224.0,1225.0,00:06:58,,3.61,15.43,10.43,2013-05-20 13:38:42,2013-05-20 13:45:40,419,11.549217,48.1246164,11.5439701,48.1324167,2.92
157,0,3,3445.0,3446.0,00:18:49,00:01:46,4.31,30.14,16.14,2013-05-20 14:01:11,2013-05-20 14:21:46,1236,11.5436899,48.1324662,11.5340162,48.1103485,2.79
157,0,4,1540.0,1540.0,00:08:19,,4.09,9.99,3.99,2013-05-20 14:21:49,2013-05-20 14:30:08,500,11.5340207,48.1103339,11.5320249,48.0999078,3.08
157,1,0,1070.0,1070.0,,,0.00,5.61,3.61,,,181,11.3608901,48.2038008,11.3665364,48.2047892,5.91
158,0,0,201427.0,201539.0,,,0.00,820.08,780.08,,,5000,11.3665643,48.2047483,11.6452893,48.0776799,40.29
159,0,0,80069.0,80133.0,,,0.00,544.91,564.91,,,5000,11.6452891,48.0776801,11.56841,48.13865,16.01
15,0,0,13920.0,13926.0,00:45:01,01:47:10,6.86,84.79,109.79,2014-06-28 18:56:28,2014-06-28 21:28:39,990,11.4597009,48.1083909,11.5686969,48.1289279,14.06
15,1,0,2831.0,2835.0,00:32:31,00:05:58,2.02,36.46,46.46,2010-12-18 13:04:07,2010-12-18 13:42:36,2226,11.4003079,48.092377,11.401738,48.089569,1.27
15,2,0,230067.0,230080.0,,,0.00,364.04,436.04,,,990,11.706475,48.061611,11.3609132,48.2223271,232.39
15,3,0,13229.0,13236.0,00:40:18,00:44:27,7.30,118.80,111.80,2014-08-04 11:40:28,2014-08-04 13:05:13,794,11.378286,48.0617819,11.507199,48.071267,16.66
160,0,0,62978.0,63009.0,,,0.00,197.68,148.68,,,1019,11.56924,48.13849,11.567437,48.0818246,61.80
160,1,0,7597.0,7600.0,02:33:15,00:07:10,2.17,29.30,29.30,2013-05-05 13:54:34,2013-05-05 16:34:59,3981,11.7204533,48.1763952,11.720568,48.1764966,1.91
161,0,0,81071.0,81130.0,,,0.00,504.86,524.86,,,5000,11.5673302,48.0818224,11.540324,48.100633,16.21
162,0,0,94604.0,94684.0,,,0.00,535.87,567.87,,,3687,11.540324,48.100633,11.588198,48.132633,25.66
162,1,0,10465.0,10468.0,00:43:29,00:02:16,4.96,96.89,56.89,2013-05-01 12:25:19,2013-05-01 13:11:04,444,11.5211235,48.0961335,11.410487,48.0695914,23.57
162,1,1,3596.0,3598.0,00:19:04,00:05:09,7.41,30.51,38.51,2013-05-01 13:12:51,2013-05-01 13:37:04,131,11.4103816,48.0695709,11.3770997,48.0706194,27.45
162,1,2,504.0,504.0,00:02:41,00:00:51,4.49,4.00,0.00,2013-05-01 13:39:38,2013-05-01 13:43:10,35,11.377086,48.0705839,11.373432,48.0676308,14.40
162,1,3,261.0,262.0,00:01:35,,0.00,4.00,0.00,2013-05-01 13:43:13,2013-05-01 13:44:48,16,11.3734112,48.0676173,11.3716402,48.0656195,16.33
162,1,4,620.0,620.0,00:03:14,,5.21,4.01,2.01,2013-05-01 13:45:32,2013-05-01 13:48:46,35,11.3716345,48.0655798,11.366371,48.0616282,17.71
162,1,5,4898.0,4898.0,00:14:29,,6.98,11.93,41.93,2013-05-01 18:00:14,2013-05-01 18:14:43,144,11.4728272,48.0617259,11.5037029,48.0941889,34.01
162,1,6,1451.0,1451.0,00:05:09,00:00:33,5.82,5.08,6.08,2013-05-01 18:15:09,2013-05-01 18:20:51,47,11.5036916,48.0941903,11.5208377,48.0959793,30.86
162,2,0,4898.0,4898.0,00:23:19,00:00:18,4.58,34.39,5.39,2013-04-28 07:03:39,2013-04-28 07:27:16,199,11.5050898,48.0944055,11.4729155,48.0618587,24.61
162,2,1,6411.0,6412.0,00:22:14,00:01:07,6.66,17.14,44.14,2013-04-28 15:27:44,2013-04-28 15:51:05,227,11.4730681,48.0619379,11.523216,48.0950266,28.24
162,2,2,786.0,786.0,00:03:28,,4.57,2.77,7.77,2013-04-28 15:51:26,2013-04-28 15:54:54,35,11.5231691,48.0950349,11.5289291,48.0992359,22.45
163,0,0,67573.0,67613.0,,,0.00,546.02,548.02,,,5000,11.58821,48.132653,11.576317,48.126053,13.51
164,0,0,49842.0,49875.0,,,0.00,402.65,415.65,,,4837,11.576084,48.125889,11.5340431,48.1894352,10.30
164,1,0,1696.0,1696.0,00:04:16,00:03:55,22.17,10.34,12.34,2013-04-23 06:26:08,2013-04-23 06:34:19,163,11.630876,48.1058047,11.6418873,48.1044845,10.41
165,0,0,173678.0,173746.0,,,0.00,558.36,516.36,,,5000,11.53404,48.1895511,11.5856394,48.0992931,34.74
166,0,0,67466.0,67490.0,,,0.00,248.21,244.21,,,5000,11.5856053,48.0994635,11.6731499,48.082672,13.49
167,0,0,238507.0,238568.0,,,0.00,487.62,480.62,,,3436,11.673144,48.0826729,11.5116896,48.1039761,69.41
167,1,0,25288.0,25303.0,00:37:50,00:01:10,33.36,29.18,111.18,2013-01-25 11:13:49,2013-01-25 11:52:49,338,11.7064359,48.0616524,11.6430383,48.2480581,74.82
167,2,0,734.0,734.0,00:04:50,01:08:57,2.23,3.14,1.14,2013-04-07 13:22:03,2013-04-07 14:35:50,315,11.7223343,48.1746067,11.7211605,48.1736856,2.33
167,3,0,2471.0,2471.0,00:11:19,00:01:40,7.96,8.44,9.44,2012-08-02 17:06:45,2012-08-02 17:19:44,478,11.370871,48.120675,11.3696479,48.1208574,5.17
167,4,0,25246.0,25250.0,00:14:04,,53.69,32.18,124.18,2013-03-19 13:33:28,2013-03-19 13:47:32,433,11.70666,48.061851,11.642887,48.248061,58.30
168,0,0,8969.0,8973.0,,,0.00,44.06,76.06,,,5000,11.511712,48.1039776,11.5556793,48.0986003,1.79
169,0,0,58864.0,58891.0,,,0.00,222.77,187.77,,,5000,11.5556854,48.0986078,11.5975713,48.0711078,11.77
16,0,0,9926.0,9929.0,00:27:45,00:03:22,8.28,38.69,87.69,2014-08-04 13:05:15,2014-08-04 13:36:22,630,11.507268,48.0713579,11.567124,48.127207,15.76
16,1,0,109945.0,109966.0,,,0.00,315.07,361.07,,,4370,11.3608939,48.0755759,11.5797547,48.1079022,25.16
170,0,0,227417.0,227491.0,,,0.00,557.87,595.87,,,4483,11.5973138,48.0700564,11.5752829,48.148019,50.73
170,1,0,3.0,3.0,,00:00:44,0.00,0.00,0.00,2013-03-02 04:34:00,2013-03-02 04:34:44,8,11.615945,48.190995,11.615909,48.190981,0.39
170,1,1,3576.0,3577.0,00:13:41,00:05:08,5.65,18.85,11.85,2013-03-02 04:34:45,2013-03-02 04:53:34,91,11.615908,48.19098,11.647558,48.191244,39.29
170,1,2,7747.0,7749.0,00:32:23,00:01:36,5.37,24.41,50.41,2013-03-02 15:39:09,2013-03-02 16:13:08,220,11.559365,48.141234,11.616154,48.190935,35.22
170,2,0,6939.0,6939.0,00:07:00,00:00:14,27.71,24.76,30.76,2013-01-24 14:00:08,2013-01-24 14:07:22,99,11.4365612,48.1037212,11.3617625,48.1143577,70.09
170,2,1,6939.0,6939.0,00:07:00,00:00:14,27.71,24.76,30.76,2013-01-24 14:00:08,2013-01-24 14:07:22,99,11.4365612,48.1037212,11.3617625,48.1143577,70.09
171,0,0,98123.0,98158.0,,,0.00,244.44,237.44,,,5000,11.5752619,48.1480318,11.55926,48.1011731,19.62
172,0,0,140907.0,140951.0,,,0.00,370.63,393.63,,,5000,11.55926,48.1011731,11.53746,48.1867483,28.18
173,0,0,34575.0,34594.0,,,0.00,194.31,166.31,,,5000,11.5376366,48.1867316,11.6257185,48.1243522,6.92
174,0,0,22094.0,22097.0,,,0.00,115.27,114.27,,,5000,11.6257385,48.1243742,11.6585871,48.1183269,4.42
175,0,0,22655.0,22658.0,,,0.00,113.03,114.03,,,5000,11.6585652,48.1183159,11.6430113,48.1212873,4.53
176,0,0,21823.0,21826.0,,,0.00,107.65,107.65,,,5000,11.6429159,48.121287,11.64326,48.1213125,4.36
177,0,0,22404.0,22407.0,,,0.00,121.33,119.33,,,5000,11.6432124,48.1213021,11.6242187,48.1265854,4.48
178,0,0,22104.0,22107.0,,,0.00,116.93,118.93,,,5000,11.6242261,48.126584,11.6540582,48.1247461,4.42
179,0,0,53465.0,53485.0,,,0.00,179.30,170.30,,,4978,11.6540879,48.1247404,11.3609376,48.1306937,10.74
179,1,0,73.0,73.0,00:00:21,,4.19,2.00,0.00,2013-01-30 06:48:52,2013-01-30 06:49:13,22,11.5898663,48.1695484,11.5899451,48.1701787,3.33
17,0,0,155675.0,155719.0,,,0.00,408.46,440.46,,,3196,11.5797146,48.1079818,11.3689203,48.1948227,48.71
17,1,0,25171.0,25172.0,00:16:00,,28.90,105.24,13.24,2014-05-12 16:35:36,2014-05-12 16:51:36,94,11.642228,48.247383,11.706687,48.062065,267.78
17,2,0,25299.0,25300.0,00:14:30,,32.46,96.75,15.75,2014-06-25 09:59:26,2014-06-25 10:13:56,97,11.642393,48.247604,11.706226,48.061607,260.81
17,3,0,25130.0,25132.0,00:14:50,,31.40,14.20,100.20,2014-06-29 13:37:40,2014-06-29 13:52:30,91,11.707757,48.062428,11.642805,48.248119,276.16
17,4,0,27420.0,27421.0,00:24:10,,32.07,117.72,19.72,2014-12-13 10:44:18,2014-12-13 11:08:28,247,11.641995,48.247013,11.474085,48.062309,111.01
17,5,0,27650.0,27651.0,00:25:10,00:01:05,35.79,26.28,122.28,2014-12-20 10:52:53,2014-12-20 11:19:08,256,11.475344,48.063126,11.642945,48.2481,108.01
17,6,0,16681.0,16682.0,00:12:10,00:00:53,38.04,56.31,70.31,2015-01-09 21:01:40,2015-01-09 21:14:43,770,11.5550216,48.1403451,11.3608361,48.2019379,21.66
17,7,0,10298.0,10300.0,00:10:15,00:05:22,44.42,18.45,13.45,2014-02-26 09:54:11,2014-02-26 10:09:48,137,11.599455,48.124828,11.7207,48.113247,75.17
17,8,0,10830.0,10831.0,00:18:36,00:05:52,32.95,23.46,25.46,2014-10-29 15:05:11,2014-10-29 15:29:39,112,11.7162114,48.1145397,11.5886193,48.1255553,96.70
180,0,0,83.0,83.0,00:00:25,,3.98,0.00,4.00,2013-01-30 06:49:14,2013-01-30 06:49:39,26,11.5899487,48.1702148,11.5904364,48.1707141,3.18
180,0,1,148.0,148.0,00:00:50,,4.20,0.00,1.00,2013-01-30 06:50:17,2013-01-30 06:51:07,51,11.5909233,48.1711724,11.5926542,48.170914,2.91
180,0,2,121.0,121.0,00:00:43,,3.98,2.00,0.00,2013-01-30 06:53:35,2013-01-30 06:54:18,44,11.5945452,48.1704538,11.5959474,48.1700582,2.74
180,0,3,4336.0,4339.0,00:22:12,00:00:03,4.42,52.97,52.97,2013-01-30 06:54:26,2013-01-30 07:16:41,1336,11.5963452,48.16998,11.6325306,48.1830482,3.25
180,0,4,1962.0,1962.0,00:09:50,00:00:01,4.03,19.31,13.31,2013-01-30 07:17:14,2013-01-30 07:27:05,592,11.6332551,48.1831244,11.6505883,48.1866983,3.31
180,0,5,45.0,45.0,00:00:16,,0.00,0.00,2.00,2013-01-30 07:27:06,2013-01-30 07:27:22,17,11.6506238,48.186691,11.6512101,48.1866964,2.62
180,0,6,6495.0,6496.0,00:35:57,00:00:06,3.83,36.30,34.30,2013-01-30 07:27:23,2013-01-30 08:03:26,2164,11.6512546,48.1867012,11.6587236,48.1536496,3.00
180,0,7,1565.0,1565.0,00:08:28,,3.79,9.83,8.83,2013-01-30 08:03:27,2013-01-30 08:11:55,509,11.6586912,48.1536683,11.6460728,48.1629549,3.07
180,0,8,38.0,38.0,00:00:10,,0.00,0.00,0.00,2013-01-30 08:12:20,2013-01-30 08:12:30,11,11.6457004,48.1631998,11.6452016,48.1631951,3.45
180,0,9,814.0,814.0,00:04:09,,4.03,8.91,4.91,2013-01-30 08:12:31,2013-01-30 08:16:40,250,11.6451553,48.1632019,11.6349625,48.1648775,3.25
181,0,0,1436.0,1437.0,00:07:33,00:00:01,4.29,16.13,18.13,2013-01-30 08:16:41,2013-01-30 08:24:15,448,11.6349184,48.1648904,11.6226588,48.1693118,3.21
181,0,1,2282.0,2283.0,00:15:17,00:00:02,3.80,24.25,31.25,2013-01-30 08:24:34,2013-01-30 08:39:53,920,11.6231341,48.1694356,11.6101139,48.1668428,2.48
181,0,2,2064.0,2065.0,00:12:58,00:00:01,3.69,15.60,18.60,2013-01-30 08:39:54,2013-01-30 08:52:53,780,11.610063,48.1668486,11.5888496,48.1697747,2.65
181,1,0,9837.0,9838.0,00:45:53,,4.14,52.49,49.49,2008-07-27 13:43:51,2008-07-27 14:29:44,359,11.708773,48.128588,11.70301,48.1267429,27.40
181,2,0,12478.0,12481.0,,,0.00,64.03,61.03,,,802,11.3792412,48.1305607,11.3796066,48.1271226,15.56
181,3,0,13597.0,13600.0,00:25:48,03:04:41,14.65,42.66,42.66,2013-01-11 14:13:35,2013-01-11 17:44:04,203,11.5799093,48.1153373,11.5799446,48.1156959,66.98
181,4,0,18823.0,18826.0,01:34:45,00:00:02,3.87,105.57,117.57,2012-03-18 04:47:24,2012-03-18 06:22:11,1022,11.5885242,48.1695848,11.6331406,48.1867628,18.42
181,4,1,4058.0,4058.0,00:22:04,,3.67,32.34,22.34,2012-03-18 06:32:05,2012-03-18 06:54:09,256,11.62674,48.1789384,11.5885026,48.1695071,15.85
181,5,0,3827.0,3827.0,00:18:10,,4.11,25.68,31.68,2012-03-31 04:50:08,2012-03-31 05:08:18,210,11.5892107,48.1697095,11.6264889,48.1766054,18.22
182,0,0,215.0,215.0,00:01:03,,0.00,0.00,2.00,2012-03-31 05:08:24,2012-03-31 05:09:27,12,11.6265845,48.1768004,11.6274254,48.1786534,17.93
182,0,1,7841.0,7842.0,00:38:20,,3.84,40.91,49.91,2012-03-31 05:09:56,2012-03-31 05:48:16,401,11.6272486,48.1788426,11.6562236,48.2156804,19.55
182,0,2,8913.0,8915.0,00:47:50,,4.07,64.41,47.41,2012-03-31 05:48:46,2012-03-31 06:36:36,530,11.6561711,48.2153617,11.5907979,48.1692734,16.82
182,1,0,1551.0,1551.0,00:07:31,,4.32,11.20,11.20,2012-04-25 05:50:19,2012-04-25 05:57:50,92,11.5907672,48.1717277,11.6086565,48.1671204,16.86
182,1,1,6985.0,6987.0,00:35:28,,3.94,50.90,67.90,2012-04-25 05:58:01,2012-04-25 06:33:29,433,11.6090484,48.1669279,11.6479046,48.2082297,16.13
182,1,2,175.0,175.0,00:00:52,,0.00,0.09,3.09,2012-04-25 06:33:38,2012-04-25 06:34:30,13,11.6481575,48.2083889,11.6494901,48.2095159,13.46
182,1,3,5098.0,5099.0,00:26:59,,3.95,32.29,42.29,2012-04-25 06:35:10,2012-04-25 07:02:09,339,11.6503251,48.2105972,11.6631859,48.2391089,15.04
182,1,4,11767.0,11769.0,01:10:25,00:00:06,3.68,87.50,59.50,2012-04-25 07:03:01,2012-04-25 08:13:32,833,11.66315,48.238708,11.5895211,48.1695381,14.13
182,2,0,26364.0,26369.0,02:45:17,00:00:17,3.91,179.36,179.36,2012-04-29 12:01:44,2012-04-29 14:47:18,2072,11.5889193,48.1696698,11.5885209,48.1694183,12.72
182,3,0,4609.0,4610.0,00:22:02,,4.25,24.64,37.64,2012-05-11 14:05:25,2012-05-11 14:27:27,275,11.5884052,48.1695557,11.6286758,48.1813823,16.76
183,0,0,432.0,434.0,00:02:19,,3.82,19.35,6.35,2012-05-11 14:27:33,2012-05-11 14:29:52,30,11.6287837,48.1815646,11.6325552,48.1830063,14.41
183,0,1,5853.0,5853.0,00:32:10,,3.86,27.36,36.36,2012-05-11 14:30:43,2012-05-11 15:02:53,391,11.6331074,48.1827637,11.676684,48.1978549,14.97
183,0,2,2419.0,2419.0,00:19:06,00:00:34,3.12,11.40,11.40,2012-05-11 15:03:18,2012-05-11 15:22:58,226,11.6770923,48.1980883,11.6776367,48.198331,10.70
183,0,3,4930.0,4932.0,00:33:17,00:00:33,3.48,32.47,37.47,2012-05-11 15:23:47,2012-05-11 15:57:37,375,11.6768436,48.1979157,11.633466,48.1985916,13.15
183,0,4,6028.0,6030.0,00:53:52,,2.96,49.92,35.92,2012-05-11 15:57:58,2012-05-11 16:51:50,637,11.6334348,48.1982623,11.5883471,48.1694672,9.46
183,1,0,1822.0,1822.0,00:08:32,,4.72,9.00,16.00,2012-05-13 07:00:17,2012-05-13 07:08:49,106,11.5884985,48.1696852,11.6073808,48.1678353,17.19
183,1,1,114.0,115.0,00:00:32,,0.00,7.00,0.00,2012-05-13 07:09:12,2012-05-13 07:09:44,7,11.6079922,48.1678274,11.6091801,48.1671801,16.35
183,1,2,3149.0,3150.0,00:15:55,,4.09,33.07,33.07,2012-05-13 07:10:15,2012-05-13 07:26:10,196,11.6095732,48.166975,11.6356982,48.1829565,16.07
183,1,3,6332.0,6332.0,00:32:07,,3.85,27.05,37.05,2012-05-13 07:26:17,2012-05-13 07:58:24,357,11.6360545,48.1829143,11.6663606,48.201216,17.74
183,1,4,2763.0,2764.0,00:14:43,,3.63,7.97,10.97,2012-05-13 07:58:35,2012-05-13 08:13:18,159,11.6667308,48.2014152,11.6981059,48.2004779,17.38
183,1,5,15191.0,15193.0,01:22:26,,3.83,91.35,79.35,2012-05-13 08:13:26,2012-05-13 09:35:52,935,11.6981105,48.2006932,11.588047,48.1696577,16.25
183,2,0,27799.0,27802.0,02:19:56,,3.95,151.46,156.46,2012-05-20 04:12:38,2012-05-20 06:32:34,1579,11.5895113,48.1693593,11.6130666,48.1682715,17.61
183,3,0,16.0,16.0,00:00:05,,0.00,0.00,0.00,2012-05-26 03:30:24,2012-05-26 03:30:29,2,11.5889332,48.1695293,11.5891217,48.1695931,7.83
184,0,0,18633.0,18636.0,01:34:55,,3.90,89.71,93.71,2012-05-26 03:30:36,2012-05-26 05:05:31,1033,11.5893397,48.16963,11.6881062,48.1762189,18.04
184,0,1,10044.0,10047.0,01:10:07,,3.41,71.96,68.96,2012-05-26 05:06:09,2012-05-26 06:16:16,785,11.6872314,48.1761917,11.5884595,48.1696037,12.80
184,1,0,29446.0,29452.0,01:35:00,00:00:57,7.28,154.97,155.97,2012-06-04 12:23:05,2012-06-04 13:59:02,1037,11.5887157,48.1696602,11.588269,48.1695758,28.40
184,2,0,2840.0,2842.0,00:14:29,,4.28,27.56,37.56,2012-06-23 07:08:10,2012-06-23 07:22:39,175,11.6102995,48.1672079,11.6328677,48.1835151,16.23
184,2,1,14094.0,14097.0,01:15:48,00:00:08,3.94,93.19,86.19,2012-06-23 07:22:59,2012-06-23 08:38:55,899,11.6333081,48.1833577,11.5885093,48.1695609,15.68
184,3,0,668.0,668.0,00:03:15,,4.79,1.18,4.18,2012-07-06 05:15:03,2012-07-06 05:18:18,47,11.5891637,48.1697503,11.5933917,48.1709419,14.21
184,3,1,15835.0,15837.0,01:23:29,,4.17,90.35,93.35,2012-07-06 05:18:42,2012-07-06 06:42:11,1024,11.5936924,48.170643,11.6181058,48.1724865,15.46
185,0,0,3007.0,3008.0,00:17:29,,3.58,22.35,16.35,2012-07-06 06:42:18,2012-07-06 06:59:47,216,11.6178563,48.1724089,11.5889156,48.1695708,13.92
185,1,0,12956.0,12958.0,01:08:29,00:00:06,3.85,76.80,76.80,2012-07-22 05:45:06,2012-07-22 06:53:41,791,11.5884377,48.1697516,11.7037375,48.1737905,16.38
185,1,1,4123.0,4123.0,00:22:43,00:00:06,3.48,14.18,9.18,2012-07-22 06:55:15,2012-07-22 07:18:04,248,11.7028195,48.1733224,11.6804418,48.155804,16.62
185,1,2,2928.0,2928.0,00:16:14,,3.31,17.54,12.54,2012-07-22 07:18:15,2012-07-22 07:34:29,160,11.6800346,48.1558961,11.6453427,48.162745,18.30
185,1,3,5184.0,5186.0,00:29:56,,3.61,41.39,49.39,2012-07-22 07:34:46,2012-07-22 08:04:42,353,11.6450203,48.1628924,11.5892668,48.1695726,14.69
185,2,0,5134.0,5136.0,00:25:28,,4.16,43.46,38.46,2012-07-28 06:52:11,2012-07-28 07:17:39,305,11.5891305,48.1697461,11.6361232,48.1723414,16.83
185,2,1,7049.0,7050.0,00:39:59,,3.60,33.44,39.44,2012-07-28 07:18:16,2012-07-28 07:58:15,436,11.6372784,48.1722366,11.7017386,48.1720054,16.17
185,2,2,28.0,28.0,00:00:17,,0.00,0.00,0.00,2012-07-28 07:59:18,2012-07-28 07:59:35,4,11.7010305,48.1712945,11.7008654,48.1710671,7.08
185,2,3,0.0,0.0,,,0.00,0.00,0.00,2012-07-28 07:59:54,2012-07-28 07:59:54,1,11.7006488,48.1708294,11.7006488,48.1708294,0.00
185,2,4,12133.0,12136.0,01:36:52,00:00:06,3.18,83.01,82.01,2012-07-28 08:00:04,2012-07-28 09:37:02,1057,11.7005593,48.1707078,11.5893101,48.1697166,11.48
185,3,0,657.0,657.0,00:03:04,,4.47,2.44,4.44,2012-08-17 07:40:49,2012-08-17 07:43:53,42,11.5880466,48.1694873,11.5940055,48.1709739,15.63
185,3,1,623.0,623.0,00:02:51,,4.34,0.00,9.00,2012-08-17 07:44:33,2012-08-17 07:47:24,37,11.5953008,48.170577,11.6026678,48.1694929,16.83
185,3,2,18812.0,18815.0,01:59:37,00:00:07,3.63,119.31,122.31,2012-08-17 07:47:33,2012-08-17 09:47:17,1350,11.6029479,48.1697026,11.6235044,48.178099,13.93
186,0,0,1485.0,1486.0,00:13:41,,2.29,13.55,9.55,2012-08-17 09:47:23,2012-08-17 10:01:04,156,11.6234097,48.1780479,11.6119258,48.1682022,9.52
186,0,1,0.0,0.0,,,0.00,0.00,0.00,2012-08-17 10:01:39,2012-08-17 10:01:39,1,11.6113415,48.1677554,11.6113415,48.1677554,0.00
186,0,2,2276.0,2277.0,00:21:09,,2.33,17.87,14.87,2012-08-17 10:01:45,2012-08-17 10:22:54,253,11.6112635,48.1676934,11.5882466,48.1694448,9.00
186,1,0,7466.0,7469.0,01:24:42,,1.88,73.12,67.12,2012-09-30 13:16:44,2012-09-30 14:41:26,841,11.6039668,48.1690326,11.5883894,48.1694521,8.88
186,2,0,7586.0,7588.0,00:40:08,,4.38,49.60,59.60,2013-01-07 10:37:00,2013-01-07 11:17:08,529,11.5911074,48.1688892,11.646808,48.2010482,14.34
186,2,1,397.0,397.0,00:02:12,,3.50,3.65,5.65,2013-01-07 11:17:10,2013-01-07 11:19:22,24,11.6467212,48.2010419,11.6423375,48.1991528,16.55
186,2,2,5949.0,5950.0,00:33:33,,3.75,47.06,36.06,2013-01-07 11:19:23,2013-01-07 11:52:56,436,11.6423141,48.1991335,11.5947633,48.1702131,13.64
186,3,0,667.0,667.0,00:03:26,,4.28,1.75,4.75,2013-01-22 15:04:04,2013-01-22 15:07:30,56,11.5883445,48.1694093,11.5941399,48.1709047,11.92
186,3,1,7329.0,7332.0,00:40:23,,4.17,61.65,56.65,2013-01-22 15:08:24,2013-01-22 15:48:47,531,11.5950597,48.170686,11.6452288,48.2046757,13.80
186,3,2,6157.0,6160.0,00:36:48,,3.75,42.10,55.10,2013-01-22 15:48:54,2013-01-22 16:25:42,479,11.6451927,48.2046944,11.6037874,48.1716532,12.85
186,3,3,1359.0,1359.0,00:10:11,,3.79,12.71,7.71,2013-01-22 16:30:30,2013-01-22 16:40:41,149,11.6020458,48.1693222,11.5881376,48.1694485,9.12
186,4,0,2882.0,2883.0,00:15:02,,4.26,22.50,23.50,2013-01-12 10:50:46,2013-01-12 11:05:48,209,11.5882264,48.1694575,11.6195731,48.1692736,13.79
186,4,1,2084.0,2085.0,00:11:36,,3.91,25.91,23.91,2013-01-12 11:06:32,2013-01-12 11:18:08,153,11.6200931,48.1693213,11.6329577,48.1832581,13.62
186,4,2,2262.0,2262.0,00:11:52,,3.95,8.93,16.93,2013-01-12 11:18:50,2013-01-12 11:30:42,158,11.6331907,48.1830772,11.6563399,48.185743,14.32
186,4,3,12514.0,12517.0,01:08:51,,3.76,88.44,82.44,2013-01-12 11:31:11,2013-01-12 12:40:02,879,11.6564274,48.185973,11.5952307,48.170585,14.24
186,4,4,753.0,753.0,00:04:16,,3.52,2.80,5.80,2013-01-12 12:40:09,2013-01-12 12:44:25,60,11.595048,48.1706404,11.5882395,48.1694463,12.55
186,5,0,32127.0,32129.0,,,0.00,28.02,105.02,,,86,11.707115,48.061969,11.677558,48.196642,373.58
187,0,0,62156.0,62183.0,,,0.00,96.00,89.00,,,3631,11.67861,48.196348,11.5293867,48.1817148,17.12
187,1,0,16055.0,16069.0,04:43:47,1312:47:12,3.05,61.16,58.16,2012-11-26 20:24:06,2013-01-20 17:55:05,548,11.4591605,48.0925308,11.4575652,48.0931704,29.30
187,2,0,8675.0,8675.0,00:07:52,00:00:05,39.10,19.23,9.23,2013-01-19 15:01:55,2013-01-19 15:09:52,86,11.7225891,48.1420952,11.6119158,48.1384742,100.87
187,3,0,994.0,995.0,00:05:53,,3.56,10.39,5.39,2013-01-16 15:04:59,2013-01-16 15:10:52,124,11.6696277,48.2325546,11.6705513,48.2384798,8.02
187,3,1,995.0,995.0,00:06:00,,3.25,7.54,5.54,2013-01-16 15:10:56,2013-01-16 15:16:56,104,11.6704466,48.2384729,11.6657745,48.232193,9.56
187,3,2,998.0,998.0,00:05:48,,3.40,11.33,8.33,2013-01-16 15:16:56,2013-01-16 15:22:44,64,11.6657745,48.232193,11.6605839,48.2244311,15.59
187,3,3,984.0,984.0,00:05:51,,3.18,3.45,8.45,2013-01-16 15:22:44,2013-01-16 15:28:35,67,11.6605839,48.2244311,11.6511017,48.2189483,14.68
187,3,4,974.0,975.0,00:05:50,,3.05,9.45,4.45,2013-01-16 15:28:45,2013-01-16 15:34:35,64,11.650984,48.2187364,11.6487042,48.210247,15.23
187,3,5,977.0,977.0,00:05:49,,3.35,4.16,9.16,2013-01-16 15:34:43,2013-01-16 15:40:32,71,11.6485697,48.2100718,11.6472259,48.2077861,13.76
187,3,6,972.0,973.0,00:05:45,,3.27,6.09,5.09,2013-01-16 15:40:39,2013-01-16 15:46:24,67,11.6474299,48.2078922,11.6519309,48.2156905,14.51
187,3,7,987.0,987.0,00:05:50,,3.04,2.30,6.30,2013-01-16 15:46:30,2013-01-16 15:52:20,75,11.6519144,48.215857,11.6590398,48.2219649,13.16
187,3,8,983.0,983.0,00:05:45,,3.30,4.74,10.74,2013-01-16 15:52:25,2013-01-16 15:58:10,60,11.659182,48.2220435,11.6638399,48.2300163,16.38
187,3,9,495.0,495.0,00:02:55,,3.16,4.00,3.00,2013-01-16 15:58:15,2013-01-16 16:01:10,39,11.6639591,48.2301356,11.6693481,48.2325059,12.68
188,0,0,237712.0,237768.0,,,0.00,594.44,571.44,,,3614,11.5294326,48.1817596,11.5573346,48.1378019,65.78
188,1,0,4924.0,4924.0,00:18:11,00:03:43,5.97,35.69,20.69,2012-12-19 10:41:11,2012-12-19 11:03:05,1243,11.462115,48.176905,11.450653,48.141781,3.96
188,1,1,612.0,612.0,00:02:01,00:00:24,6.03,2.61,3.61,2012-12-19 11:29:11,2012-12-19 11:31:36,143,11.450907,48.141859,11.453336,48.146581,4.28
189,0,0,9488.0,9490.0,00:31:58,00:14:20,6.65,58.41,67.41,2012-12-19 11:31:37,2012-12-19 12:17:55,2700,11.453348,48.146634,11.553607,48.153455,3.51
189,0,1,0.0,0.0,,00:01:32,0.00,0.00,0.00,2012-12-19 14:13:35,2012-12-19 14:15:07,92,11.547859,48.151342,11.547859,48.151342,0.00
189,0,2,5708.0,5710.0,00:21:00,00:08:12,6.85,57.59,42.59,2012-12-19 14:15:09,2012-12-19 14:44:21,1699,11.553097,48.154326,11.595507,48.124051,3.36
189,1,0,12709.0,12710.0,,,0.00,55.12,47.12,,,509,11.4365768,48.2481184,11.4551088,48.22136,24.97
18,0,0,27106.0,27112.0,,,0.00,121.82,127.82,,,5000,11.3686563,48.1948023,11.4712514,48.2073748,5.42
190,0,0,105628.0,105689.0,,,0.00,418.66,381.66,,,4567,11.454904,48.2216832,11.5097605,48.1458505,23.13
190,1,0,4236.0,4238.0,00:06:16,00:00:29,17.37,36.99,31.99,2012-12-02 17:39:11,2012-12-02 17:45:56,329,11.5782855,48.1104498,11.5259351,48.1085457,12.87
190,2,0,483.0,484.0,00:00:59,00:00:44,13.60,15.92,0.92,2012-11-28 07:13:53,2012-11-28 07:15:36,104,11.5060136,48.0785836,11.5038654,48.0817792,4.65
191,0,0,5849.0,5852.0,00:10:28,00:03:52,15.23,18.80,63.80,2012-11-28 07:15:37,2012-11-28 07:29:57,857,11.5038375,48.0818006,11.5338964,48.112526,6.83
191,1,0,21131.0,21138.0,00:32:00,00:11:36,16.03,150.31,124.31,2012-11-28 20:49:06,2012-11-28 21:32:42,2539,11.6294429,48.153902,11.5154232,48.1097084,8.32
191,2,0,4389.0,4390.0,00:07:21,00:03:29,17.16,11.96,29.96,2012-11-29 07:04:19,2012-11-29 07:15:09,651,11.5080635,48.0976857,11.5179432,48.1240133,6.74
191,3,0,7698.0,7698.0,00:05:02,,29.55,6.02,7.02,2010-08-22 09:22:49,2010-08-22 09:27:51,29,11.366586,48.222597,11.460267,48.20657,265.46
191,3,1,20770.0,20773.0,00:23:15,00:01:00,25.41,50.49,31.49,2010-08-22 09:28:24,2010-08-22 09:52:39,145,11.466589,48.209319,11.595674,48.15202,143.24
191,3,2,2948.0,2948.0,00:54:57,00:06:24,1.66,19.99,14.99,2010-08-22 10:01:46,2010-08-22 11:03:07,242,11.595553,48.153076,11.583871,48.144639,12.18
191,3,3,729.0,729.0,00:14:34,00:02:00,1.32,14.69,1.69,2010-08-22 11:04:13,2010-08-22 11:20:47,67,11.583432,48.14375,11.577899,48.142318,10.87
191,3,4,2354.0,2354.0,00:41:39,00:16:57,2.08,13.60,20.60,2010-08-22 11:27:57,2010-08-22 12:26:33,164,11.577267,48.141966,11.578633,48.136332,14.35
191,3,5,1355.0,1355.0,00:20:05,00:02:31,2.14,9.96,3.96,2010-08-22 13:02:01,2010-08-22 13:24:37,77,11.575795,48.13561,11.574569,48.138159,17.60
191,3,6,211.0,211.0,00:01:43,00:00:03,0.00,0.00,1.00,2010-08-22 13:25:46,2010-08-22 13:27:32,10,11.57403,48.138877,11.573303,48.138807,21.10
191,3,7,1651.0,1651.0,00:26:45,00:03:22,1.74,5.09,22.09,2010-08-22 13:28:26,2010-08-22 13:58:33,113,11.573606,48.138573,11.583646,48.143948,14.61
191,3,8,1313.0,1313.0,00:22:51,00:07:18,1.65,3.97,9.97,2010-08-22 13:59:32,2010-08-22 14:29:41,106,11.583849,48.144659,11.590455,48.146817,12.38
192,0,0,2920.0,2921.0,00:47:07,00:24:33,2.62,17.94,13.94,2010-08-22 14:30:08,2010-08-22 15:41:48,199,11.590688,48.14672,11.600204,48.153654,14.67
192,0,1,22117.0,22117.0,00:14:58,,32.36,22.01,31.01,2010-08-22 15:42:48,2010-08-22 15:57:46,91,11.603948,48.157325,11.460788,48.207143,243.04
192,0,2,7622.0,7622.0,00:04:23,,0.00,2.06,5.06,2010-08-22 15:58:24,2010-08-22 16:02:47,20,11.453174,48.204711,11.361184,48.226026,381.12
192,0,3,35030.0,35030.0,00:18:11,,36.20,14.22,80.22,2010-06-05 18:28:15,2010-06-05 18:46:26,57,11.711351,48.063892,11.459482,48.206366,614.55
192,0,4,7616.0,7616.0,00:03:46,,0.00,3.75,6.75,2010-06-05 18:46:52,2010-06-05 18:50:38,17,11.453264,48.204717,11.361308,48.225953,447.99
192,0,5,7550.0,7550.0,00:04:32,,30.99,6.00,5.00,2010-05-22 05:32:59,2010-05-22 05:37:31,25,11.368337,48.221563,11.460514,48.206724,301.99
192,0,6,34245.0,34245.0,00:18:49,,33.85,80.92,13.92,2010-05-22 05:37:59,2010-05-22 05:56:48,52,11.46687,48.209098,11.712447,48.064609,658.55
192,1,0,8943.0,8945.0,00:10:18,00:01:59,27.47,53.28,48.28,2012-11-24 18:46:39,2012-11-24 18:58:56,715,11.442664,48.1279396,11.5391587,48.116626,12.51
192,2,0,1655.0,1655.0,00:02:58,00:00:42,13.48,7.52,4.52,2012-11-27 17:20:42,2012-11-27 17:24:22,220,11.5262806,48.1104201,11.5243857,48.1077103,7.52
192,3,0,35727.0,35737.0,,,0.00,36.17,66.17,,,2481,11.3900898,48.127943,11.3826776,48.179214,14.40
192,4,0,8710.0,8710.0,00:04:39,,34.47,13.95,0.95,2011-06-25 15:42:28,2011-06-25 15:47:07,27,11.533005,48.246645,11.462848,48.20886,322.58
192,4,1,7659.0,7659.0,00:04:23,,0.00,3.02,6.02,2011-06-25 15:47:46,2011-06-25 15:52:09,19,11.453149,48.204708,11.360815,48.226267,403.09
192,4,2,7726.0,7726.0,00:04:27,,0.00,6.99,5.99,2011-06-11 05:30:35,2011-06-11 05:35:02,20,11.363026,48.224687,11.456647,48.204915,386.28
192,4,3,8637.0,8637.0,00:04:52,,33.43,6.03,16.03,2011-06-11 05:35:42,2011-06-11 05:40:34,30,11.466723,48.209452,11.533268,48.246969,287.91
192,5,0,23509.0,23509.0,00:02:00,,198.17,3.85,17.85,2012-10-18 15:28:47,2012-10-18 15:30:47,24,11.72121,48.196434,11.412954,48.24724,979.53
192,5,1,35293.0,35294.0,00:18:45,,37.37,17.50,100.50,2012-06-09 15:12:32,2012-06-09 15:31:17,94,11.706508,48.061674,11.463541,48.208963,375.46
192,5,2,7575.0,7575.0,00:03:58,,37.54,4.47,7.47,2012-06-09 15:31:58,2012-06-09 15:35:56,31,11.452778,48.204696,11.361333,48.225906,244.35
192,5,3,7749.0,7749.0,00:03:54,,36.55,7.66,7.66,2012-05-27 04:37:11,2012-05-27 04:41:05,31,11.361391,48.225556,11.454864,48.204661,249.98
192,5,4,34783.0,34783.0,00:16:29,,39.83,95.11,19.11,2012-05-27 04:41:47,2012-05-27 04:58:16,86,11.466865,48.209624,11.708684,48.062844,404.45
192,6,0,16514.0,16516.0,00:23:52,00:04:04,21.01,60.72,65.72,2012-11-21 06:48:47,2012-11-21 07:16:43,761,11.7220967,48.1752726,11.5727236,48.1755386,21.70
193,0,0,214766.0,214826.0,,,0.00,502.85,463.85,,,4248,11.3826776,48.179214,11.6911316,48.0919766,50.56
193,1,0,14925.0,14927.0,00:20:36,00:04:26,22.63,63.74,59.74,2012-11-20 06:42:51,2012-11-20 07:07:53,752,11.7226306,48.1822092,11.573,48.1814699,19.85
194,0,0,8829.0,8836.0,,,0.00,66.10,84.10,,,2086,11.6911,48.0919766,11.685265,48.115485,4.23
194,1,0,2476.0,2484.0,00:21:22,00:30:40,2.38,13.97,18.97,2012-11-18 09:56:08,2012-11-18 10:48:10,2914,11.5655994,48.1462526,11.5720367,48.1476581,0.85
195,0,0,4563.0,4572.0,00:41:58,01:43:30,2.00,22.42,21.42,2012-11-18 10:48:11,2012-11-18 13:13:39,5000,11.5720582,48.1476581,11.5739893,48.1570565,0.91
196,0,0,570.0,570.0,00:06:10,00:04:54,1.99,0.33,1.33,2012-11-18 13:13:40,2012-11-18 13:24:44,622,11.5739893,48.1570672,11.5748476,48.1589019,0.92
196,1,0,126.0,126.0,00:01:24,,1.93,0.00,0.00,2012-11-18 12:50:52,2012-11-18 12:52:16,43,11.721904,48.1718799,11.7228551,48.1709834,2.94
196,2,0,41334.0,41337.0,,,0.00,66.68,28.68,,,311,11.3608688,48.2319072,11.6080212,48.1404,132.91
196,3,0,4544.0,4546.0,00:08:32,00:05:30,13.97,37.91,18.91,2012-11-12 18:46:21,2012-11-12 19:00:23,841,11.5498966,48.1248915,11.522148,48.1069985,5.40
196,4,0,3817.0,3818.0,00:06:51,00:04:13,14.43,16.05,30.05,2012-11-12 06:25:02,2012-11-12 06:36:06,665,11.5028938,48.0969365,11.5342213,48.1105617,5.74
196,5,0,21814.0,21815.0,00:13:07,00:00:11,38.64,102.66,63.66,2012-10-13 15:36:09,2012-10-13 15:49:27,701,11.3608966,48.2259537,11.5019487,48.1255619,31.12
196,6,0,3097.0,3098.0,00:14:44,00:03:09,5.09,21.83,14.83,2012-11-08 17:18:37,2012-11-08 17:36:30,1074,11.5358696,48.1170088,11.5099631,48.1062565,2.88
196,7,0,2217.0,2217.0,00:12:01,00:00:23,4.81,12.60,10.60,2012-11-09 17:47:22,2012-11-09 17:59:46,743,11.5364479,48.1108042,11.5179006,48.1130868,2.98
197,0,0,1523.0,1523.0,00:06:28,00:01:06,6.13,11.06,8.06,2012-11-09 17:59:47,2012-11-09 18:07:21,429,11.5178365,48.1130929,11.5092339,48.1062803,3.55
197,1,0,7631.0,7634.0,00:10:13,00:01:58,16.95,56.78,30.78,2012-11-04 18:36:21,2012-11-04 18:48:32,696,11.5567107,48.1614667,11.5123659,48.1079741,10.96
197,2,0,8511.0,8519.0,,,0.00,29.79,34.79,,,3875,11.5948581,48.1710702,11.5902102,48.1661807,2.20
198,0,0,6976.0,6982.0,,,0.00,31.87,26.87,,,1621,11.5902102,48.1661807,11.584203,48.144827,4.30
198,1,0,42872.0,42883.0,04:13:58,00:00:03,3.58,329.55,314.55,2012-10-14 08:11:18,2012-10-14 12:25:19,3379,11.5528903,48.1641641,11.5459184,48.1729933,12.69
199,0,0,73469.0,73487.0,,,0.00,272.20,257.20,,,4458,11.584203,48.144827,11.450809,48.142741,16.48
199,1,0,10245.0,10254.0,00:26:05,00:03:12,9.95,59.06,33.06,2012-11-02 02:59:27,2012-11-02 03:28:44,313,11.620796,48.190023,11.554306,48.13906,32.73
199,1,1,0.0,0.0,,00:00:01,0.00,0.00,0.00,2012-11-02 12:34:11,2012-11-02 12:34:12,2,11.554097,48.138786,11.554097,48.138786,0.00
199,1,2,5843.0,5849.0,00:21:09,00:07:01,8.03,41.83,57.83,2012-11-02 12:34:34,2012-11-02 13:02:44,227,11.554888,48.140246,11.597396,48.146797,25.74
19,0,0,2911.0,2912.0,,,0.00,17.69,16.69,,,5000,11.4712607,48.2073815,11.4768666,48.2044754,0.58
1,0,0,8183.0,8185.0,00:27:38,00:05:27,6.32,57.64,39.64,2015-05-10 13:11:52,2015-05-10 13:44:57,1771,11.5872774,48.2204973,11.5949787,48.1718836,4.62
1,1,0,13149.0,13154.0,00:50:04,00:33:38,5.74,86.23,102.23,2015-05-08 06:53:45,2015-05-08 08:17:27,3229,11.5946838,48.1714249,11.7134196,48.204166,4.07
200,0,0,6274.0,6275.0,00:16:57,00:01:17,7.40,27.69,34.69,2012-11-02 13:02:51,2012-11-02 13:21:05,184,11.597628,48.147202,11.616368,48.190799,34.10
200,0,1,490.0,490.0,00:08:13,00:00:21,2.14,5.32,1.32,2012-11-02 15:23:20,2012-11-02 15:31:54,47,11.61554,48.196195,11.614163,48.196918,10.43
200,0,2,2251.0,2252.0,00:41:26,00:10:32,1.65,9.00,10.00,2012-11-02 15:41:08,2012-11-02 16:33:06,288,11.614653,48.197176,11.615963,48.190855,7.82
200,1,0,10072.0,10076.0,00:30:23,00:02:53,7.50,60.61,35.61,2012-10-28 02:58:54,2012-10-28 03:32:10,309,11.624671,48.190336,11.553244,48.139167,32.59
200,1,1,0.0,0.0,,00:00:01,0.00,0.00,0.00,2012-10-28 12:38:43,2012-10-28 12:38:44,2,11.553324,48.139424,11.553324,48.139424,0.00
200,1,2,9052.0,9060.0,00:32:43,00:07:08,7.73,36.72,59.72,2012-10-28 12:38:52,2012-10-28 13:18:43,287,11.554065,48.1396,11.616089,48.190949,31.54
200,1,3,838.0,839.0,00:12:40,00:01:09,2.22,10.38,7.38,2012-10-28 16:51:00,2012-10-28 17:04:49,127,11.588171,48.173206,11.595934,48.172245,6.60
200,2,0,38287.0,38301.0,,,0.00,190.36,175.36,,,3575,11.5580228,48.1407777,11.647807,48.075128,10.71
200,3,0,17215.0,17216.0,00:16:06,00:02:15,33.23,14.04,62.04,2012-10-18 11:22:02,2012-10-18 11:40:23,181,11.6175985,48.1139602,11.6429173,48.2480431,95.11
201,0,0,25880.0,25896.0,,,0.00,122.49,123.49,,,4303,11.647868,48.075145,11.4179133,48.1252466,6.01
201,1,0,17839.0,17843.0,01:06:32,00:11:49,5.97,103.76,103.76,2012-10-21 14:16:57,2012-10-21 15:35:18,664,11.492004,48.1228703,11.491901,48.1229439,26.87
201,2,0,393.0,393.0,00:04:08,,2.66,5.00,0.00,2012-10-16 09:54:22,2012-10-16 09:58:30,33,11.589769,48.165996,11.590163,48.164132,11.90
202,0,0,188822.0,188906.0,,,0.00,535.49,530.49,,,5000,11.4178666,48.1252149,11.623035,48.0698249,37.76
203,0,0,55630.0,55665.0,,,0.00,192.57,245.57,,,5000,11.6229899,48.0698133,11.573711,48.201037,11.13
204,0,0,78196.0,78218.0,,,0.00,229.03,224.03,,,4050,11.573711,48.201064,11.5541259,48.1920986,19.31
204,1,0,4763.0,4766.0,00:09:32,00:06:18,13.46,44.33,24.33,2012-10-10 16:26:58,2012-10-10 16:42:48,950,11.5570116,48.1285913,11.5212919,48.1062579,5.01
205,0,0,34727.0,34783.0,,,0.00,142.13,136.13,,,2019,11.5541048,48.1920525,11.5980747,48.151135,17.20
205,1,0,907.0,908.0,00:04:30,00:07:45,12.04,4.05,1.05,2012-10-11 06:30:46,2012-10-11 06:43:01,52,11.615963,48.191074,11.612098,48.194313,17.45
205,1,1,21879.0,21881.0,01:09:47,00:06:10,6.73,46.64,52.64,2012-10-11 06:53:31,2012-10-11 08:09:28,431,11.612003,48.194342,11.361018,48.222221,50.76
205,1,2,23108.0,23110.0,01:07:00,00:02:12,7.62,58.92,54.92,2012-10-11 13:30:31,2012-10-11 14:39:43,379,11.36114,48.222158,11.616368,48.190799,60.97
205,2,0,0.0,0.0,,00:00:02,0.00,0.00,0.00,2012-10-10 04:39:30,2012-10-10 04:39:32,3,11.615888,48.190939,11.615888,48.190939,0.00
205,2,1,3765.0,3766.0,00:14:18,00:01:21,7.23,17.70,9.70,2012-10-10 04:39:33,2012-10-10 04:55:12,134,11.615888,48.19094,11.58606,48.178411,28.10
205,2,2,8923.0,8926.0,00:28:14,00:03:46,6.85,60.88,40.88,2012-10-10 06:23:48,2012-10-10 06:55:48,258,11.585986,48.178587,11.503134,48.145825,34.59
205,2,3,0.0,0.0,,,0.00,0.00,0.00,2012-10-10 06:56:18,2012-10-10 06:56:18,1,11.503177,48.145857,11.503177,48.145857,0.00
205,2,4,22739.0,22742.0,04:10:46,00:02:43,6.52,76.11,25.11,2012-10-10 06:56:32,2012-10-10 11:10:01,207,11.5031,48.143773,11.477895,48.066965,109.85
205,2,5,3190.0,3191.0,00:10:30,00:00:40,6.18,8.33,23.33,2012-10-10 11:10:22,2012-10-10 11:21:32,77,11.478708,48.067755,11.481085,48.088361,41.43
205,3,0,0.0,0.0,,00:00:01,0.00,0.00,0.00,2012-10-09 01:55:55,2012-10-09 01:55:56,2,11.61588,48.190949,11.61588,48.19095,0.06
205,3,1,8762.0,8768.0,00:24:33,00:01:16,8.09,55.96,34.96,2012-10-09 01:55:57,2012-10-09 02:21:46,220,11.615879,48.19095,11.553834,48.140073,39.83
205,3,2,766.0,766.0,00:01:30,00:00:26,0.00,0.93,2.93,2012-10-09 11:36:33,2012-10-09 11:38:29,19,11.549664,48.136653,11.556094,48.139944,40.31
205,3,3,0.0,0.0,,,0.00,0.00,0.00,2012-10-09 11:38:56,2012-10-09 11:38:56,1,11.556062,48.139957,11.556062,48.139957,0.00
205,3,4,8837.0,8839.0,00:26:28,00:02:27,7.89,15.97,48.97,2012-10-09 11:38:59,2012-10-09 12:07:54,217,11.556152,48.142218,11.616089,48.190949,40.72
205,3,5,759.0,760.0,00:02:11,00:00:37,12.16,3.45,0.45,2012-10-09 13:50:49,2012-10-09 13:53:37,28,11.61586,48.190993,11.612055,48.194425,27.10
205,3,6,24.0,24.0,00:00:33,00:01:05,0.00,0.00,0.00,2012-10-09 13:58:50,2012-10-09 14:00:28,9,11.611958,48.194388,11.611854,48.194363,2.65
205,3,7,4.0,4.0,00:00:07,,0.00,0.00,0.00,2012-10-09 14:00:34,2012-10-09 14:00:41,3,11.611857,48.194341,11.611873,48.194353,1.46
205,3,8,0.0,0.0,,,0.00,0.00,0.00,2012-10-09 14:00:43,2012-10-09 14:00:43,1,11.611876,48.19434,11.611876,48.19434,0.00
205,3,9,642.0,642.0,00:07:34,00:02:04,2.11,1.86,2.86,2012-10-09 14:00:44,2012-10-09 14:10:22,66,11.611873,48.194333,11.614598,48.190799,9.73
205,3,10,5.0,5.0,00:00:03,,0.00,0.00,0.00,2012-10-09 14:10:27,2012-10-09 14:10:30,2,11.614704,48.190758,11.614769,48.190741,2.59
205,4,0,10097.0,10102.0,00:24:24,00:02:38,8.74,60.50,39.50,2012-10-08 01:56:32,2012-10-08 02:23:34,213,11.616765,48.178987,11.554012,48.139536,47.40
205,4,1,632.0,633.0,00:01:04,00:00:27,0.00,0.86,0.86,2012-10-08 11:34:42,2012-10-08 11:36:13,15,11.550393,48.136913,11.555509,48.137501,42.16
205,4,2,0.0,0.0,,,0.00,0.00,0.00,2012-10-08 11:36:38,2012-10-08 11:36:38,1,11.555756,48.138,11.555756,48.138,0.00
205,4,3,9603.0,9608.0,00:29:49,00:04:32,7.79,23.12,48.12,2012-10-08 11:36:41,2012-10-08 12:11:02,225,11.555713,48.138516,11.616368,48.190799,42.68
205,4,4,762.0,762.0,00:02:45,00:00:25,6.36,3.61,0.61,2012-10-08 13:53:10,2012-10-08 13:56:20,30,11.615813,48.190876,11.612055,48.194425,25.39
205,4,5,1315.0,1315.0,00:19:58,00:02:36,2.39,2.56,5.56,2012-10-08 14:04:02,2012-10-08 14:26:36,142,11.611972,48.194226,11.616113,48.191015,9.26
205,5,0,2.0,2.0,00:00:01,,0.00,0.00,0.00,2012-10-03 10:55:48,2012-10-03 10:55:49,2,11.577381,48.142363,11.577405,48.14235,1.15
205,5,1,1902.0,1903.0,00:38:36,00:49:21,1.11,10.25,20.25,2012-10-03 10:55:52,2012-10-03 12:23:49,202,11.577373,48.142358,11.583917,48.155528,9.42
205,6,0,41.0,41.0,00:00:09,00:00:31,0.00,0.00,0.00,2012-10-04 16:44:17,2012-10-04 16:44:57,41,11.5030909,48.0942841,11.5031529,48.0944034,1.01
206,0,0,5854.0,5856.0,00:09:19,00:03:43,17.19,33.29,32.29,2012-10-04 16:44:58,2012-10-04 16:58:00,778,11.5032423,48.0943901,11.4992986,48.0985214,7.52
206,1,0,12601.0,12604.0,00:13:06,00:01:13,27.60,71.84,77.84,2012-10-03 15:59:22,2012-10-03 16:13:41,783,11.5955542,48.0617245,11.5062477,48.0986888,16.09
206,2,0,118184.0,118229.0,,,0.00,358.56,356.56,,,3439,11.5975415,48.1508111,11.5650124,48.1678534,34.37
207,0,0,100843.0,100866.0,,,0.00,511.04,494.04,,,4775,11.565025,48.1679524,11.4355183,48.1547589,21.12
207,1,0,9661.0,9664.0,00:27:10,00:01:31,8.59,52.86,30.86,2012-10-02 01:59:50,2012-10-02 02:28:31,225,11.620794,48.19132,11.554012,48.139536,42.94
208,0,0,12428.0,12433.0,00:34:04,00:02:58,8.23,44.02,70.02,2012-10-02 11:36:48,2012-10-02 12:13:50,283,11.553577,48.138686,11.616368,48.190799,43.91
208,0,1,453.0,453.0,00:01:49,00:00:12,0.00,0.16,1.16,2012-10-02 13:44:22,2012-10-02 13:46:23,20,11.615741,48.190853,11.618531,48.193161,22.67
208,0,2,737.0,737.0,00:03:47,00:00:44,14.11,5.58,1.58,2012-10-02 13:53:28,2012-10-02 13:57:59,33,11.618049,48.19382,11.611899,48.194301,22.34
208,0,3,1048.0,1049.0,00:04:31,00:41:46,6.41,0.28,6.28,2012-10-02 14:13:09,2012-10-02 14:59:26,88,11.613017,48.193746,11.616995,48.189354,11.91
208,0,4,433.0,433.0,00:03:44,00:02:16,2.67,2.94,1.94,2012-10-02 15:06:27,2012-10-02 15:12:27,35,11.617574,48.189074,11.616111,48.190994,12.37
208,1,0,8940.0,8947.0,00:25:06,00:01:19,7.78,47.87,25.87,2012-09-30 02:04:27,2012-09-30 02:30:52,203,11.616621,48.190756,11.554012,48.139536,44.04
208,1,1,641.0,641.0,00:01:57,00:00:04,7.52,3.49,7.49,2012-09-30 11:32:01,2012-09-30 11:34:02,29,11.554617,48.138806,11.556596,48.140287,22.09
208,1,2,0.0,0.0,,00:00:04,0.00,0.00,0.00,2012-09-30 11:34:30,2012-09-30 11:34:34,3,11.556563,48.14015,11.556563,48.14015,0.00
208,1,3,8841.0,8844.0,00:24:18,00:01:20,8.29,24.69,62.69,2012-09-30 11:34:36,2012-09-30 12:00:14,231,11.556666,48.142909,11.616089,48.190949,38.27
208,2,0,9174.0,9178.0,00:25:42,00:01:51,8.14,56.20,33.20,2012-09-29 01:57:21,2012-09-29 02:24:54,274,11.615727,48.190846,11.554052,48.139196,33.48
208,2,1,0.0,0.0,,00:00:01,0.00,0.00,0.00,2012-09-29 11:32:14,2012-09-29 11:32:15,2,11.553849,48.139494,11.553849,48.139494,0.00
208,2,2,11826.0,11831.0,00:31:47,00:01:47,9.62,46.52,73.52,2012-09-29 11:32:33,2012-09-29 12:06:07,298,11.555222,48.138587,11.61855,48.193186,39.68
208,2,3,509.0,509.0,00:02:23,00:00:04,11.68,1.38,2.38,2012-09-29 12:15:12,2012-09-29 12:17:39,23,11.618643,48.193375,11.616082,48.190943,22.13
208,3,0,85532.0,85546.0,,,0.00,223.43,186.43,,,3478,11.5317845,48.1961564,11.5787895,48.111547,24.59
209,0,0,40559.0,40571.0,,,0.00,177.22,229.22,,,2523,11.5787337,48.1115941,11.67998,48.247883,16.08
209,1,0,6340.0,6340.0,00:15:54,00:00:26,9.58,27.62,26.62,2012-09-28 11:35:04,2012-09-28 11:51:24,364,11.6629019,48.2273634,11.7227171,48.245017,17.42
209,2,0,720.0,721.0,00:04:24,00:00:40,6.52,4.41,1.41,2012-09-28 06:38:19,2012-09-28 06:43:23,39,11.61596,48.191557,11.61206,48.194411,18.46
209,2,1,38182.0,38195.0,02:00:16,00:24:39,7.57,154.75,159.75,2012-09-28 06:51:22,2012-09-28 09:16:17,1104,11.611847,48.194022,11.616291,48.190487,34.59
209,2,2,0.0,0.0,,00:00:01,0.00,0.00,0.00,2012-09-28 10:45:01,2012-09-28 10:45:02,2,11.616158,48.191067,11.616158,48.191067,0.00
209,2,3,4504.0,4504.0,00:02:24,,8.63,5.86,2.86,2012-09-28 10:45:06,2012-09-28 10:47:30,27,11.666469,48.194457,11.612068,48.194392,166.82
209,2,4,750.0,751.0,00:04:22,00:01:39,6.01,1.06,4.06,2012-09-28 11:00:06,2012-09-28 11:06:07,36,11.611939,48.194287,11.616046,48.190913,20.84
209,2,5,402.0,402.0,00:03:10,00:01:00,3.93,1.91,1.91,2012-09-28 14:23:10,2012-09-28 14:27:20,28,11.616106,48.191073,11.617195,48.189034,14.36
209,2,6,268.0,268.0,00:01:25,00:02:16,0.00,0.77,0.77,2012-09-28 15:37:04,2012-09-28 15:40:45,31,11.616058,48.189346,11.616368,48.190799,8.63
209,2,7,0.0,0.0,,,0.00,0.00,0.00,2012-09-28 15:41:33,2012-09-28 15:41:33,1,11.616075,48.191067,11.616075,48.191067,0.00
209,2,8,478.0,478.0,00:01:46,,0.00,0.08,1.08,2012-09-28 15:41:44,2012-09-28 15:43:30,6,11.60919,48.193029,11.614475,48.191002,79.60
209,2,9,0.0,0.0,,,0.00,0.00,0.00,2012-09-28 15:43:45,2012-09-28 15:43:45,1,11.614441,48.19104,11.614441,48.19104,0.00
209,3,0,9161.0,9164.0,00:25:40,00:01:46,8.28,52.59,29.59,2012-09-26 02:01:23,2012-09-26 02:28:49,232,11.615921,48.190916,11.553782,48.139757,39.49
209,3,1,0.0,0.0,,00:00:01,0.00,0.00,0.00,2012-09-26 11:34:28,2012-09-26 11:34:29,2,11.553753,48.139628,11.553753,48.139628,0.00
209,3,2,10581.0,10587.0,00:27:24,00:04:18,8.60,34.22,61.22,2012-09-26 11:34:32,2012-09-26 12:06:14,258,11.553885,48.139114,11.616089,48.190949,41.01
209,3,3,755.0,755.0,00:02:43,00:00:06,6.67,3.31,0.31,2012-09-26 13:53:16,2012-09-26 13:56:05,29,11.615461,48.190885,11.612055,48.194425,26.02
209,4,0,1087.0,1089.0,00:06:23,00:02:24,18.55,4.91,9.91,2012-09-25 02:24:05,2012-09-25 02:32:52,56,11.565379,48.139834,11.553926,48.139193,19.42
209,4,1,147.0,147.0,00:03:00,,0.00,4.00,0.00,2012-09-25 11:53:17,2012-09-25 11:56:17,13,11.576089,48.136624,11.574495,48.136797,11.31
209,4,2,132.0,132.0,00:02:09,,0.00,0.66,0.66,2012-09-25 14:47:50,2012-09-25 14:49:59,16,11.574033,48.137406,11.575485,48.137221,8.27
209,5,0,0.0,0.0,,00:00:02,0.00,0.00,0.00,2012-09-24 12:25:15,2012-09-24 12:25:17,2,11.616156,48.190831,11.616156,48.190831,0.00
209,5,1,347.0,347.0,00:00:05,,0.00,2.00,0.00,2012-09-24 12:25:33,2012-09-24 12:25:38,2,11.619798,48.193275,11.615965,48.191474,173.69
209,5,2,721.0,721.0,00:08:39,00:00:12,2.21,3.85,1.85,2012-09-24 12:26:07,2012-09-24 12:34:58,73,11.615637,48.190637,11.612098,48.194467,9.87
209,5,3,350.0,351.0,00:04:11,00:00:16,2.47,0.41,2.41,2012-09-24 12:51:46,2012-09-24 12:56:13,42,11.611735,48.194239,11.614639,48.192779,8.34
209,5,4,1048.0,1049.0,00:15:04,00:00:03,1.84,1.35,529.35,2012-09-24 13:26:00,2012-09-24 13:41:07,88,11.552323,48.12585,11.550388,48.13177,11.91
209,5,5,177.0,177.0,00:03:53,00:10:14,0.00,0.00,0.00,2012-09-24 13:48:24,2012-09-24 14:02:31,25,11.549714,48.131497,11.551632,48.131241,7.06
20,0,0,105030.0,105076.0,,,0.00,188.99,193.99,,,4824,11.476852,48.2044741,11.6559416,48.19843,21.77
20,1,0,8213.0,8213.0,00:03:33,,0.00,0.00,17.00,2014-07-06 07:24:22,2014-07-06 07:27:55,14,11.717847,48.185722,11.63224,48.226668,586.67
20,2,0,22678.0,22678.0,00:13:27,,31.87,79.00,0.00,2014-07-02 11:57:25,2014-07-02 12:10:52,21,11.633502,48.230292,11.711418,48.064073,1079.90
20,3,0,715.0,715.0,00:03:07,00:00:37,4.79,3.41,1.41,2014-07-21 05:09:31,2014-07-21 05:13:15,92,11.3929462,48.0670606,11.3880043,48.061656,7.77
20,4,0,758.0,759.0,00:02:45,,5.40,18.77,4.77,2014-12-14 12:11:06,2014-12-14 12:13:51,33,11.4185572,48.0724801,11.4153849,48.0681464,22.97
20,5,0,365.0,365.0,00:02:26,,0.00,0.00,11.00,2014-12-14 12:01:24,2014-12-14 12:03:50,16,11.4404313,48.0744546,11.4374128,48.0763582,22.82
210,0,0,4016.0,4038.0,00:37:29,02:14:58,6.04,51.51,36.51,2012-09-24 14:02:41,2012-09-24 16:55:08,626,11.551698,48.131242,11.558225,48.129678,6.42
210,1,0,9467.0,9473.0,00:26:14,00:02:33,10.26,53.91,31.91,2012-09-21 02:57:38,2012-09-21 03:26:25,249,11.615407,48.190797,11.553862,48.139532,38.02
210,1,1,10526.0,10531.0,00:31:47,00:02:24,7.78,35.86,56.86,2012-09-21 11:38:39,2012-09-21 12:12:50,249,11.554023,48.140467,11.616082,48.190943,42.27
210,2,0,9335.0,9339.0,00:25:24,00:01:18,7.92,59.20,36.20,2012-09-20 01:56:50,2012-09-20 02:23:32,224,11.615832,48.19091,11.553738,48.139768,41.67
210,2,1,10501.0,10505.0,00:30:29,00:03:29,7.71,28.67,53.67,2012-09-20 11:35:04,2012-09-20 12:09:02,266,11.554072,48.141189,11.616368,48.190799,39.48
210,3,0,10400.0,10405.0,00:25:58,00:01:52,8.39,53.84,32.84,2012-09-27 02:05:10,2012-09-27 02:33:00,235,11.612191,48.192562,11.554014,48.13954,44.26
210,3,1,11268.0,11273.0,00:32:32,00:05:24,8.20,35.05,55.05,2012-09-27 11:40:42,2012-09-27 12:18:38,256,11.553792,48.139501,11.597535,48.194178,44.02
210,3,2,2128.0,2128.0,00:07:20,00:02:30,6.86,4.94,6.94,2012-09-27 12:35:07,2012-09-27 12:44:57,67,11.597644,48.194098,11.616071,48.190934,31.75
210,4,0,88.0,88.0,00:02:20,00:00:49,0.00,1.00,0.00,2012-09-18 18:50:44,2012-09-18 18:53:53,15,11.620843,48.209364,11.620704,48.2096,5.89
210,4,1,0.0,0.0,,,0.00,0.00,0.00,2012-09-18 18:54:21,2012-09-18 18:54:21,1,11.620701,48.209576,11.620701,48.209576,0.00
210,4,2,7212.0,7213.0,00:15:46,00:10:37,19.24,15.50,14.50,2012-09-18 18:54:48,2012-09-18 19:21:11,193,11.621904,48.209496,11.61895,48.210358,37.37
210,5,0,145073.0,145122.0,,,0.00,476.73,479.73,,,2619,11.3683547,48.2215254,11.3690784,48.2314592,55.39
212,0,0,31639.0,31643.0,,,0.00,111.27,91.27,,,425,11.626158,48.139251,11.609838,48.0879534,74.44
212,1,0,30375.0,30376.0,03:39:03,00:03:03,7.55,82.11,77.11,2012-05-01 14:42:59,2012-05-01 18:25:05,549,11.4723594,48.1817768,11.4837481,48.1671718,55.33
212,2,0,4154.0,4155.0,00:17:01,00:00:43,5.21,22.21,30.21,2012-09-15 15:16:20,2012-09-15 15:34:04,1050,11.452432,48.1140432,11.4859329,48.1265174,3.96
212,3,0,3856.0,3857.0,00:14:56,00:00:48,5.21,32.25,24.25,2012-09-15 13:08:27,2012-09-15 13:24:11,934,11.4842848,48.1253085,11.4526539,48.1140429,4.13
212,4,0,7492.0,7495.0,00:34:01,,5.03,65.58,77.58,2012-09-10 19:01:02,2012-09-10 19:35:03,2042,11.5443631,48.1324154,11.5803377,48.1485152,3.67
213,0,0,5190.0,5192.0,00:31:35,00:03:05,4.13,58.14,46.14,2012-09-10 19:35:04,2012-09-10 20:09:44,2081,11.5803178,48.1484863,11.5439451,48.1324601,2.49
213,1,0,9257.0,9259.0,00:25:15,00:01:47,7.57,51.34,27.34,2012-09-10 02:04:04,2012-09-10 02:31:06,191,11.621683,48.192396,11.553974,48.139434,48.47
213,1,1,60590.0,60607.0,03:28:50,00:12:53,7.01,204.71,226.71,2012-09-10 11:42:05,2012-09-10 15:23:48,1061,11.553839,48.139526,11.616368,48.190799,57.11
213,2,0,7952.0,7952.0,,,0.00,35.37,43.37,,,1667,11.68001,48.061623,11.7115533,48.0774649,4.77
214,0,0,88068.0,88104.0,,,0.00,281.22,289.22,,,4342,11.7116083,48.0774533,11.646115,48.074915,20.28
214,1,0,26668.0,26678.0,04:05:18,00:06:55,7.95,111.50,118.50,2012-09-09 07:41:07,2012-09-09 11:53:20,568,11.615949,48.191086,11.625499,48.217505,46.95
214,1,1,173.0,174.0,00:00:41,00:04:44,0.00,0.00,2.00,2012-09-09 11:53:35,2012-09-09 11:59:00,10,11.62535,48.217685,11.625629,48.217481,17.35
214,1,2,4081.0,4081.0,00:12:11,00:01:11,8.36,16.30,6.30,2012-09-09 11:59:32,2012-09-09 12:12:54,80,11.625635,48.217485,11.616368,48.190799,51.01
215,0,0,28533.0,28565.0,,,0.00,71.52,119.52,,,2200,11.6460519,48.074902,11.616368,48.190799,12.97
215,1,0,5896.0,5897.0,00:23:49,00:04:48,5.86,23.80,26.80,2012-08-29 10:29:57,2012-08-29 10:58:34,156,11.616032,48.190932,11.664919,48.218714,37.79
215,1,1,1442.0,1443.0,00:08:47,00:06:47,4.44,6.81,8.81,2012-08-29 11:29:31,2012-08-29 11:45:05,68,11.664746,48.218753,11.671516,48.216964,21.20
215,1,2,6176.0,6179.0,00:38:23,00:14:25,4.18,34.56,28.56,2012-08-29 13:58:30,2012-08-29 14:51:18,235,11.671974,48.216923,11.625024,48.190457,26.28
215,1,3,839.0,839.0,00:03:56,00:04:09,4.75,3.66,0.66,2012-08-29 15:32:05,2012-08-29 15:40:10,35,11.625084,48.190386,11.616043,48.190911,23.96
215,2,0,976.0,976.0,00:06:50,00:00:30,4.41,2.78,1.78,2012-08-27 09:08:57,2012-08-27 09:16:17,44,11.616,48.191082,11.614615,48.196848,22.17
215,2,1,727.0,727.0,00:03:13,00:00:28,5.65,0.73,6.73,2012-08-27 09:18:19,2012-08-27 09:22:00,26,11.614687,48.196939,11.619763,48.196358,27.96
215,2,2,889.0,889.0,00:03:40,00:01:52,6.50,6.65,1.65,2012-08-27 13:09:49,2012-08-27 13:15:21,37,11.619829,48.196356,11.616066,48.19093,24.03
215,3,0,2159.0,2160.0,00:31:43,00:03:38,2.14,13.28,15.28,2012-08-25 07:44:25,2012-08-25 08:19:46,185,11.616265,48.190972,11.616765,48.204368,11.67
215,4,0,2159.0,2160.0,00:31:43,00:03:38,2.14,13.28,15.28,2012-08-25 07:44:25,2012-08-25 08:19:46,185,11.616265,48.190972,11.616765,48.204368,11.67
215,5,0,456.0,456.0,00:04:12,00:02:39,2.45,1.29,2.29,2012-08-23 10:23:15,2012-08-23 10:30:06,35,11.616216,48.191024,11.618461,48.193155,13.02
215,5,1,677.0,678.0,00:04:20,00:02:23,3.90,1.19,3.19,2012-08-23 10:39:14,2012-08-23 10:45:57,33,11.618309,48.193031,11.624747,48.190498,20.53
215,5,2,4.0,4.0,,00:00:51,0.00,0.00,0.00,2012-08-23 10:49:42,2012-08-23 10:50:33,2,11.62512,48.190462,11.625124,48.190428,1.89
215,6,0,0.0,0.0,,,0.00,0.00,0.00,2012-08-21 17:21:34,2012-08-21 17:21:34,1,11.616328,48.190898,11.616328,48.190898,0.00
215,6,1,4357.0,4359.0,00:12:52,00:03:30,7.78,31.98,19.98,2012-08-21 17:21:35,2012-08-21 17:37:57,134,11.616217,48.191002,11.638825,48.175063,32.51
215,6,2,4090.0,4091.0,00:11:11,00:00:32,8.69,16.57,28.57,2012-08-21 21:18:02,2012-08-21 21:29:45,96,11.638872,48.175093,11.616035,48.190904,42.60
215,7,0,9703.0,9704.0,00:26:45,00:03:01,7.64,20.58,33.58,2012-08-20 06:13:59,2012-08-20 06:43:45,193,11.61629,48.190963,11.557532,48.247975,50.27
215,7,1,7220.0,7221.0,00:24:04,00:00:26,6.09,36.82,18.82,2012-08-20 14:04:05,2012-08-20 14:28:35,144,11.645422,48.247977,11.616089,48.190949,50.14
215,8,0,9716.0,9719.0,00:27:40,00:01:25,8.77,49.56,23.56,2012-08-17 01:54:01,2012-08-17 02:23:06,173,11.619501,48.190126,11.553756,48.139379,56.16
215,8,1,16705.0,16709.0,00:44:03,00:04:14,8.70,55.90,82.90,2012-08-17 11:37:05,2012-08-17 12:25:22,387,11.553721,48.1388,11.616066,48.190929,43.17
215,9,0,2436.0,2441.0,00:15:26,00:04:24,4.12,27.66,13.66,2012-08-15 08:21:09,2012-08-15 08:40:59,121,11.616061,48.190987,11.638529,48.183166,20.13
215,9,1,9204.0,9207.0,00:52:21,00:20:43,4.25,34.06,33.06,2012-08-15 08:54:41,2012-08-15 10:07:45,314,11.638396,48.183285,11.72271,48.168478,29.31
215,9,2,5077.0,5080.0,00:32:05,00:07:11,4.46,17.48,22.48,2012-08-15 14:37:56,2012-08-15 15:17:12,196,11.722718,48.168476,11.668457,48.171564,25.90
216,0,0,8477.0,8482.0,00:52:58,00:06:18,3.93,43.85,52.85,2012-08-15 15:17:21,2012-08-15 16:16:37,372,11.668161,48.17145,11.616051,48.190917,22.79
216,1,0,9419.0,9422.0,00:31:09,00:00:32,6.91,49.04,27.04,2012-08-14 01:52:12,2012-08-14 02:23:53,181,11.61996,48.191376,11.553993,48.139484,52.04
216,1,1,2951.0,2954.0,00:09:27,00:04:19,6.42,25.38,5.38,2012-08-14 11:34:49,2012-08-14 11:48:35,75,11.553747,48.139452,11.541286,48.124329,39.35
216,2,0,9174.0,9177.0,00:31:17,00:00:56,7.06,48.16,25.16,2012-08-13 01:51:04,2012-08-13 02:23:17,190,11.616014,48.190924,11.553961,48.139194,48.28
216,2,1,9114.0,9116.0,00:30:57,00:01:26,6.66,33.58,50.58,2012-08-13 11:32:39,2012-08-13 12:05:02,230,11.553779,48.139481,11.602449,48.178628,39.62
216,2,2,1777.0,1778.0,00:06:57,00:02:08,6.04,4.12,13.12,2012-08-13 12:21:05,2012-08-13 12:30:10,71,11.602781,48.178711,11.616089,48.190949,25.03
216,3,0,8496.0,8499.0,00:29:39,00:01:08,6.99,72.64,29.64,2012-08-12 02:18:25,2012-08-12 02:49:12,256,11.615906,48.190916,11.553991,48.141897,33.19
216,3,1,537.0,539.0,00:01:17,00:00:05,0.00,0.00,10.00,2012-08-12 02:49:16,2012-08-12 02:50:38,15,11.555839,48.141738,11.553807,48.139751,35.77
216,3,2,0.0,0.0,,00:32:23,0.00,0.00,0.00,2012-08-12 02:51:09,2012-08-12 03:23:32,2,11.553673,48.139581,11.553673,48.139581,0.00
216,3,3,9287.0,9291.0,00:27:50,00:02:33,8.00,31.64,54.64,2012-08-12 11:32:56,2012-08-12 12:03:19,254,11.553981,48.139467,11.616058,48.190923,36.56
216,3,4,0.0,0.0,,,0.00,0.00,0.00,2012-08-12 12:04:33,2012-08-12 12:04:33,1,11.616166,48.190923,11.616166,48.190923,0.00
216,3,5,0.0,0.0,,,0.00,0.00,0.00,2012-08-12 12:04:38,2012-08-12 12:04:38,1,11.616394,48.191293,11.616394,48.191293,0.00
216,4,0,23733.0,23744.0,01:27:08,00:04:39,6.13,139.63,78.63,2012-08-10 03:25:12,2012-08-10 04:56:59,559,11.615698,48.190959,11.669516,48.06174,42.46
216,5,0,9573.0,9575.0,00:30:45,00:01:17,6.88,47.52,24.52,2012-08-09 01:52:09,2012-08-09 02:24:11,189,11.621874,48.190878,11.554178,48.139536,50.65
216,5,1,9014.0,9017.0,00:29:16,00:01:59,8.74,39.33,53.33,2012-08-09 11:35:39,2012-08-09 12:06:54,229,11.553998,48.139714,11.602541,48.178638,39.36
216,5,2,1811.0,1812.0,00:06:45,00:01:49,6.10,3.04,12.04,2012-08-09 12:13:02,2012-08-09 12:21:36,54,11.602904,48.17853,11.616089,48.190949,33.53
216,6,0,5518.0,5518.0,00:18:40,00:00:19,6.20,31.54,10.54,2012-08-08 01:50:58,2012-08-08 02:09:57,111,11.61583,48.19092,11.564149,48.164587,49.71
216,6,1,3560.0,3561.0,00:13:14,00:00:51,8.19,16.16,14.16,2012-08-08 02:10:46,2012-08-08 02:24:51,84,11.564046,48.164691,11.554012,48.139536,42.39
216,6,2,10614.0,10618.0,00:33:06,00:03:15,9.25,40.50,67.50,2012-08-08 11:38:02,2012-08-08 12:14:23,295,11.553685,48.138928,11.616089,48.190949,35.98
216,6,3,1840.0,1843.0,00:14:35,00:06:55,6.30,7.30,8.30,2012-08-08 13:53:43,2012-08-08 14:15:13,111,11.615602,48.190757,11.615927,48.190897,16.58
216,7,0,9044.0,9047.0,00:30:41,00:01:19,6.48,57.05,28.05,2012-08-07 01:46:38,2012-08-07 02:18:38,204,11.624539,48.190766,11.556003,48.141478,44.33
216,7,1,468.0,469.0,00:01:17,00:00:20,0.00,0.32,3.32,2012-08-07 02:19:04,2012-08-07 02:20:41,14,11.556135,48.141479,11.554005,48.139518,33.43
216,7,2,12762.0,12766.0,00:40:38,00:02:06,7.38,44.97,67.97,2012-08-07 11:31:42,2012-08-07 12:14:26,340,11.553863,48.139669,11.616073,48.190936,37.54
216,8,0,779.0,779.0,00:04:41,00:03:44,4.41,4.63,1.63,2012-08-06 05:33:10,2012-08-06 05:41:35,55,11.616172,48.190908,11.612068,48.194391,14.16
216,8,1,8399.0,8400.0,00:28:23,00:05:18,6.30,12.13,29.13,2012-08-06 05:50:34,2012-08-06 06:24:15,155,11.611888,48.194323,11.602863,48.247993,54.19
216,8,2,15336.0,15337.0,00:54:57,00:03:23,5.98,51.59,36.59,2012-08-06 10:59:26,2012-08-06 11:57:46,335,11.476424,48.247878,11.616089,48.190949,45.78
216,8,3,1140.0,1141.0,00:04:44,00:01:09,6.86,5.02,2.02,2012-08-06 13:50:42,2012-08-06 13:56:35,44,11.616045,48.1911,11.612055,48.194425,25.91
216,8,4,330.0,330.0,00:02:30,00:00:12,0.00,1.56,2.56,2012-08-06 14:04:02,2012-08-06 14:06:44,20,11.611657,48.194575,11.612146,48.19261,16.50
216,8,5,522.0,522.0,00:03:40,00:02:57,6.49,0.01,2.01,2012-08-06 14:09:56,2012-08-06 14:16:33,41,11.612231,48.192566,11.616089,48.190949,12.73
216,9,0,2078.0,2080.0,00:13:00,00:05:18,4.76,8.99,5.99,2012-08-04 11:52:18,2012-08-04 12:10:36,99,11.616138,48.19092,11.598332,48.194188,20.99
216,9,1,29.0,29.0,00:00:24,,0.00,0.00,0.00,2012-08-04 12:23:33,2012-08-04 12:23:57,4,11.598203,48.193904,11.59829,48.194144,7.23
216,9,2,2530.0,2530.0,00:12:14,00:01:55,5.30,5.32,12.32,2012-08-04 12:23:58,2012-08-04 12:38:07,74,11.59829,48.194142,11.619835,48.196349,34.19
216,9,3,2980.0,2981.0,00:16:14,00:07:35,4.80,15.89,10.89,2012-08-04 13:38:46,2012-08-04 14:02:35,125,11.619877,48.196397,11.626233,48.177545,23.84
216,9,4,3118.0,3121.0,00:15:23,00:22:58,5.88,16.67,18.67,2012-08-04 15:33:28,2012-08-04 16:11:49,142,11.626168,48.177433,11.616368,48.190799,21.96
216,10,0,21474.0,21475.0,,,0.00,7.90,92.90,,,68,11.7074765,48.0620948,11.6368048,48.2171816,315.79
217,0,0,661047.0,661072.0,,,0.00,553.42,570.42,,,1172,11.6354699,48.21798,11.6642488,48.2480512,564.03
217,1,0,24247.0,24252.0,00:13:12,00:02:11,32.52,99.42,30.42,2012-08-31 11:02:47,2012-08-31 11:18:10,365,11.532743,48.248015,11.360835,48.114136,66.43
217,2,0,25282.0,25285.0,00:14:36,,32.32,29.97,111.97,2012-08-28 16:36:30,2012-08-28 16:51:06,258,11.7063961,48.0616104,11.6429556,48.2481378,97.99
217,3,0,16652.0,16657.0,00:47:47,00:05:41,7.76,92.57,157.57,2012-08-26 15:58:11,2012-08-26 16:51:39,3205,11.4726816,48.0616343,11.552241,48.1636776,5.20
218,0,0,9507.0,9510.0,00:28:03,00:23:15,7.66,62.40,78.40,2012-08-26 16:51:40,2012-08-26 17:42:58,2431,11.5521987,48.1637307,11.6048714,48.2029751,3.91
218,1,0,302815.0,302830.0,,,0.00,441.90,407.90,,,2432,11.722842,48.0954919,11.373187,48.07966,124.51
218,2,0,0.0,0.0,,,0.00,0.00,0.00,2008-06-02 07:47:15,2008-06-02 07:47:15,1,11.7187233,48.061635,11.7187233,48.061635,0.00
218,3,0,357.0,357.0,00:02:14,00:00:01,3.32,3.96,6.96,2012-08-20 19:04:18,2012-08-20 19:06:33,136,11.5431126,48.1321557,11.5394525,48.1314332,2.62
219,0,0,13237.0,13241.0,00:57:04,00:00:03,4.70,108.45,106.45,2012-08-20 19:06:34,2012-08-20 20:03:41,3428,11.5394501,48.1314036,11.5440094,48.132422,3.86
219,1,0,194742.0,194789.0,,,0.00,454.72,433.72,,,1554,11.5544765,48.1341876,11.6204499,48.0692966,125.32
219,2,0,5781.0,5781.0,00:08:03,00:01:48,0.00,0.00,24.00,2012-08-15 15:46:32,2012-08-15 15:56:23,18,11.616377,48.0623789,11.6278517,48.1121591,321.18
21,0,0,163432.0,163539.0,,,0.00,327.45,344.45,,,5000,11.6559416,48.19843,11.4409011,48.238017,32.69
220,0,0,78672.0,78690.0,,,0.00,211.10,210.10,,,4603,11.6203916,48.0692816,11.65912,48.0788699,17.09
220,1,0,14608.0,14609.0,00:21:16,00:07:43,22.57,45.80,1.80,2012-06-02 16:02:56,2012-06-02 16:31:55,38,11.6419668,48.2470169,11.6159172,48.1413688,384.43
220,2,0,3852.0,3853.0,00:05:41,00:01:05,10.30,8.14,32.14,2012-08-14 05:14:56,2012-08-14 05:21:42,359,11.5413344,48.1007104,11.5496088,48.1131264,10.73
221,0,0,22918.0,22923.0,01:25:24,00:39:51,6.80,151.21,180.21,2012-08-14 05:21:43,2012-08-14 07:26:58,5000,11.54968,48.113136,11.7142912,48.2042912,4.58
222,0,0,32737.0,32760.0,07:15:19,00:12:55,6.66,212.65,161.65,2012-08-14 07:26:59,2012-08-14 14:55:13,5000,11.7143776,48.2042976,11.5335408,48.1001152,6.55
223,0,0,112.0,112.0,00:01:12,00:00:33,2.08,4.00,0.00,2012-08-14 14:55:14,2012-08-14 14:56:59,73,11.5335472,48.1001152,11.5327264,48.099904,1.53
223,1,0,2.0,2.0,,00:00:12,0.00,0.00,0.00,2012-08-14 06:30:27,2012-08-14 06:30:39,2,11.5817485,48.1504734,11.5817722,48.1504653,0.99
223,1,1,8572.0,8574.0,00:29:09,00:00:38,6.08,39.82,64.82,2012-08-14 06:30:49,2012-08-14 07:00:36,385,11.5817892,48.150435,11.6417318,48.2043504,22.27
223,1,2,15.0,15.0,00:00:17,,0.00,0.00,0.00,2012-08-14 07:00:39,2012-08-14 07:00:56,5,11.6417333,48.204335,11.6419003,48.2043,3.00
223,1,3,5243.0,5243.0,00:18:32,00:01:41,5.61,27.50,20.50,2012-08-14 07:02:49,2012-08-14 07:23:02,183,11.6419016,48.2042953,11.7022201,48.2039809,28.65
223,1,4,2.0,2.0,00:00:02,,0.00,0.00,0.00,2012-08-14 07:23:28,2012-08-14 07:23:30,2,11.7022105,48.2039837,11.7022315,48.2039888,0.83
223,1,5,1536.0,1536.0,00:05:34,,5.44,2.61,5.61,2012-08-14 07:23:33,2012-08-14 07:29:07,48,11.7022357,48.2039896,11.7227297,48.2053177,32.01
223,1,6,13516.0,13518.0,00:52:26,00:05:19,5.89,57.52,65.52,2012-08-14 13:20:44,2012-08-14 14:18:29,520,11.7224748,48.1089959,11.5924545,48.1150912,25.99
223,1,7,295.0,296.0,00:01:14,00:00:04,0.00,6.63,2.63,2012-08-14 14:19:11,2012-08-14 14:20:29,16,11.592441,48.1150642,11.588581,48.1154878,18.46
223,1,8,5301.0,5303.0,00:21:05,00:01:27,5.78,32.05,46.05,2012-08-14 14:21:09,2012-08-14 14:43:41,228,11.5885271,48.115433,11.5467074,48.1014874,23.25
223,1,9,475.0,475.0,00:02:11,,4.80,4.74,1.74,2012-08-14 14:44:01,2012-08-14 14:46:12,27,11.5467343,48.1014995,11.5450115,48.1053843,17.58
223,1,10,1345.0,1345.0,00:08:17,00:00:52,5.21,23.28,2.28,2012-08-14 14:46:15,2012-08-14 14:55:24,90,11.5450119,48.1053881,11.533372,48.1001239,14.94
223,2,0,12458.0,12462.0,00:54:57,00:00:08,5.44,113.59,113.59,2012-08-13 19:15:59,2012-08-13 20:11:04,3306,11.5442766,48.1324594,11.5445351,48.132428,3.77
223,3,0,3458.0,3459.0,,,0.00,23.45,13.45,,,115,11.590524,48.184384,11.5467656,48.1859424,30.07
224,0,0,247752.0,247880.0,,,0.00,548.49,539.49,,,5000,11.5463368,48.1860032,11.41508,48.17504,49.55
225,0,0,205687.0,205736.0,,,0.00,550.18,566.18,,,5000,11.4149,48.17507,11.5878754,48.2140933,41.14
226,0,0,93100.0,93127.0,,,0.00,343.70,240.70,,,5000,11.587877,48.2142953,11.4193763,48.0682246,18.62
227,0,0,12464.0,12471.0,,,0.00,15.46,87.46,,,158,11.4193154,48.0686001,11.4964958,48.1473815,78.89
227,1,0,13564.0,13567.0,01:03:40,00:00:05,4.33,108.02,109.02,2012-07-30 19:16:03,2012-07-30 20:19:48,3826,11.5430817,48.1321728,11.5442518,48.1324501,3.55
227,2,0,13199.0,13205.0,02:46:11,02:01:45,1.60,158.80,102.80,2012-06-26 07:01:31,2012-06-26 11:49:27,1016,11.5599289,48.1390139,11.5367636,48.0616619,12.99
228,0,0,62798.0,62812.0,,,0.00,271.67,311.67,,,4459,11.4952883,48.1473011,11.5779376,48.2474255,14.08
228,1,0,1280.0,1280.0,00:04:40,,6.62,5.63,4.63,2012-07-27 06:31:00,2012-07-27 06:35:40,35,11.6702737,48.1436882,11.6829214,48.1436958,36.57
228,2,0,9667.0,9668.0,00:13:34,,29.81,63.84,24.84,2012-07-15 11:26:14,2012-07-15 11:39:48,180,11.582294,48.134819,11.636729,48.061729,53.70
228,3,0,13427.0,13428.0,00:09:33,,27.73,63.78,41.78,2012-07-16 09:37:20,2012-07-16 09:46:53,265,11.527225,48.129597,11.361055,48.114162,50.67
228,4,0,3847.0,3847.0,00:15:44,,10.42,9.48,23.48,2012-07-18 12:06:00,2012-07-18 12:21:44,61,11.565567,48.137188,11.592916,48.146275,63.06
229,0,0,4747.0,4748.0,,,0.00,21.43,22.43,,,433,11.5780019,48.2474684,11.6303157,48.2481873,10.96
229,1,0,12542.0,12547.0,01:07:44,00:01:01,4.51,119.69,119.69,2012-07-23 19:05:51,2012-07-23 20:14:36,4126,11.5443339,48.1324835,11.5443341,48.1324424,3.04
229,2,0,6672.0,6672.0,00:30:26,00:02:35,4.68,42.41,10.41,2012-07-23 06:08:23,2012-07-23 06:41:24,248,11.5276411,48.0963546,11.4727892,48.0617933,26.90
229,2,1,5575.0,5575.0,00:19:35,00:01:33,6.14,7.73,34.73,2012-07-23 16:42:27,2012-07-23 17:03:35,193,11.4728262,48.0617342,11.51514,48.0944431,28.88
22,0,0,180224.0,180307.0,,,0.00,545.47,497.47,,,5000,11.4409497,48.2380395,11.534128,48.1351203,36.04
230,0,0,1635.0,1635.0,00:05:50,00:00:02,5.60,3.39,7.39,2012-07-23 17:03:45,2012-07-23 17:09:37,56,11.5159427,48.0944542,11.5323612,48.0999541,29.20
230,1,0,17162.0,17162.0,00:10:51,,35.33,22.10,6.10,2011-08-05 11:23:31,2011-08-05 11:34:22,55,11.532814,48.247737,11.362344,48.225333,312.03
230,2,0,28739.0,28739.0,00:19:58,,24.55,23.15,17.15,2012-07-20 23:34:26,2012-07-20 23:54:24,49,11.3647497,48.2236729,11.7178979,48.1853956,586.51
230,3,0,106184.0,106237.0,,,0.00,384.29,373.29,,,4024,11.3608127,48.2096976,11.4263906,48.1741485,26.39
230,4,0,1133.0,1134.0,00:03:53,00:00:08,7.70,7.93,13.93,2009-08-26 07:18:56,2009-08-26 07:22:57,73,11.603527,48.113802,11.598038,48.122811,15.52
230,4,1,1247.0,1251.0,00:04:04,,7.55,21.51,36.51,2009-08-26 07:29:25,2009-08-26 07:33:29,97,11.58763,48.131845,11.595537,48.141125,12.86
230,4,2,404.0,404.0,00:01:19,,6.85,8.51,0.51,2009-08-26 07:44:56,2009-08-26 07:46:15,44,11.616744,48.167752,11.620171,48.16883,9.18
230,4,3,2468.0,2469.0,00:06:25,00:03:48,8.19,14.45,15.45,2009-08-26 07:50:43,2009-08-26 08:00:56,191,11.630338,48.183404,11.640761,48.203611,12.92
230,4,4,445.0,445.0,00:01:12,,7.36,1.68,2.68,2009-08-26 08:02:40,2009-08-26 08:03:52,33,11.647519,48.207891,11.650903,48.211169,13.49
230,4,5,1124.0,1125.0,00:03:00,,9.19,4.82,12.82,2009-08-26 08:06:26,2009-08-26 08:09:26,71,11.653859,48.220554,11.662792,48.227622,15.84
230,4,6,1015.0,1015.0,00:02:34,,8.68,4.73,5.73,2009-08-26 08:12:11,2009-08-26 08:14:45,56,11.671447,48.234062,11.675235,48.242731,18.12
230,4,7,8.0,8.0,00:00:01,,0.00,0.00,0.00,2009-08-26 08:16:44,2009-08-26 08:16:45,2,11.682338,48.248082,11.682401,48.248138,3.89
230,5,0,8327.0,8329.0,00:19:54,00:01:47,9.19,33.46,48.46,2009-08-19 16:49:14,2009-08-19 17:10:55,249,11.542379,48.061692,11.603387,48.113773,33.44
231,0,0,210709.0,210751.0,,,0.00,648.90,648.90,,,5000,11.4263458,48.1741523,11.4530378,48.1678873,42.14
232,0,0,109894.0,109931.0,,,0.00,338.58,303.58,,,1343,11.4527803,48.1680589,11.5240655,48.0979654,81.83
232,1,0,227.0,227.0,00:01:42,00:00:27,3.31,0.79,4.79,2012-06-25 19:03:49,2012-06-25 19:05:58,130,11.5430956,48.1321152,11.5401648,48.1322942,1.75
232,1,1,12400.0,12402.0,00:58:46,,4.48,89.82,91.82,2012-06-25 19:06:28,2012-06-25 20:05:14,3527,11.5401361,48.1322989,11.5515199,48.1094856,3.52
233,0,0,4794.0,4795.0,00:22:05,,4.54,46.89,41.89,2012-06-25 20:05:15,2012-06-25 20:27:20,1326,11.5515374,48.1095194,11.543954,48.1324492,3.62
233,1,0,62326.0,62352.0,,,0.00,77.80,158.80,,,1245,11.368662,48.062454,11.536885,48.176171,50.06
233,2,0,8882.0,8883.0,00:40:25,00:00:03,4.85,45.25,69.25,2012-06-18 19:04:41,2012-06-18 19:45:09,2429,11.5430872,48.13217,11.5080636,48.178525,3.66
234,0,0,8112.0,8115.0,00:37:27,00:00:05,4.74,79.78,56.78,2012-06-18 19:45:10,2012-06-18 20:22:42,2253,11.5080911,48.1785479,11.5440011,48.1324632,3.60
234,1,0,164410.0,164464.0,,,0.00,513.46,530.46,,,2747,11.603483,48.128174,11.477379,48.1660199,59.85
235,0,0,290804.0,290871.0,,,0.00,630.41,655.41,,,3301,11.4760632,48.1693009,11.370259,48.245016,88.10
235,1,0,25257.0,25263.0,00:14:23,,32.23,38.38,129.38,2012-06-08 14:45:24,2012-06-08 14:59:47,413,11.706695,48.0617083,11.6429783,48.2480566,61.16
235,2,0,17025.0,17028.0,00:23:56,00:06:12,24.29,32.18,84.18,2012-05-20 08:13:03,2012-05-20 08:43:11,302,11.588018,48.125465,11.642578,48.24736,56.37
235,3,0,14546.0,14548.0,00:22:22,00:14:49,25.21,40.54,105.54,2012-05-19 12:57:44,2012-05-19 13:34:55,984,11.474064,48.061782,11.583236,48.124226,14.78
236,0,0,649.0,649.0,00:02:05,00:08:40,12.83,20.56,2.56,2012-05-19 13:34:59,2012-05-19 13:45:44,94,11.583225,48.124258,11.588005,48.125367,6.90
236,1,0,50664.0,50675.0,,,0.00,199.61,170.61,,,4906,11.511816,48.158299,11.6217616,48.068275,10.33
237,0,0,26218.0,26226.0,,,0.00,122.66,112.66,,,5000,11.6217799,48.0682616,11.60502,48.065843,5.24
238,0,0,162435.0,162478.0,,,0.00,389.91,461.91,,,4095,11.605057,48.065813,11.643042,48.247763,39.67
238,1,0,14083.0,14087.0,00:15:29,00:02:06,28.80,15.64,74.64,2012-05-28 13:40:09,2012-05-28 13:57:44,123,11.4754189,48.0632987,11.5628287,48.1443085,114.50
238,2,0,1781.0,1783.0,00:12:59,00:00:02,3.21,18.86,21.86,2012-05-28 13:02:02,2012-05-28 13:15:03,782,11.5442572,48.1324041,11.5559441,48.1283625,2.28
239,0,0,5359.0,5361.0,00:33:09,00:00:02,3.85,54.12,51.12,2012-05-28 13:15:04,2012-05-28 13:48:15,1992,11.5559702,48.1283375,11.5444144,48.1323836,2.69
239,1,0,7083.0,7086.0,00:31:15,00:00:53,6.21,61.88,62.88,2012-05-26 19:10:38,2012-05-26 19:42:46,1858,11.5774321,48.1425948,11.5496261,48.1351089,3.81
239,1,1,6.0,6.0,00:00:06,00:00:12,0.00,0.00,0.00,2012-05-26 19:55:29,2012-05-26 19:55:47,19,11.5496532,48.135148,11.5496379,48.1351943,0.31
239,1,2,1733.0,1734.0,00:17:19,00:01:31,3.08,16.80,14.80,2012-05-26 19:57:49,2012-05-26 20:16:39,1131,11.5496666,48.1351958,11.5521556,48.1477838,1.53
23,0,0,13801.0,13804.0,,,0.00,89.33,88.33,,,5000,11.5341143,48.1351556,11.5454584,48.1207828,2.76
240,0,0,3473.0,3474.0,00:16:45,,5.11,26.73,30.73,2012-05-26 20:16:40,2012-05-26 20:33:25,1006,11.5521669,48.1477986,11.5776574,48.1428331,3.45
240,1,0,12895.0,12898.0,01:05:45,00:00:12,4.80,104.99,104.99,2012-05-21 19:00:25,2012-05-21 20:06:22,3955,11.544245,48.1324496,11.5443647,48.132477,3.26
240,2,0,166.0,166.0,,,0.00,0.14,1.14,,,39,11.653352,48.07486,11.652428,48.076158,4.25
241,0,0,42172.0,42202.0,,,0.00,135.54,181.54,,,3383,11.652417,48.076193,11.6163211,48.1954168,12.47
241,1,0,14686.0,14698.0,00:51:32,00:32:10,16.09,87.28,90.28,2012-04-14 09:01:37,2012-04-14 10:25:19,1524,11.61637,48.14049,11.56466,48.1243399,9.64
241,1,1,1630.0,1631.0,00:03:36,00:01:53,57.00,7.93,6.93,2012-04-14 10:25:30,2012-04-14 10:30:59,93,11.56384,48.1261399,11.56448,48.1244999,17.53
242,0,0,186675.0,186753.0,,,0.00,363.25,315.25,,,5000,11.6162207,48.195228,11.6503016,48.07566,37.34
243,0,0,17334.0,17336.0,,,0.00,86.76,104.76,,,5000,11.6503433,48.0756849,11.637205,48.1177749,3.47
244,0,0,24510.0,24515.0,,,0.00,157.85,170.85,,,5000,11.6372099,48.1177716,11.5331916,48.1710216,4.90
245,0,0,60553.0,60597.0,,,0.00,288.77,312.77,,,5000,11.5332349,48.1710083,11.661576,48.234993,12.11
246,0,0,31377.0,31381.0,,,0.00,111.49,123.49,,,1206,11.6615319,48.234966,11.680236,48.248081,26.02
246,1,0,4547.0,4547.0,00:24:31,00:00:08,4.50,24.99,35.99,2012-05-14 19:06:17,2012-05-14 19:30:56,1480,11.5431248,48.1322008,11.5139064,48.1532292,3.07
246,1,1,8722.0,8724.0,00:38:31,00:00:02,4.56,56.42,59.42,2012-05-14 19:38:00,2012-05-14 20:16:33,2314,11.5139162,48.1532619,11.549173,48.1579554,3.77
247,0,0,4003.0,4005.0,00:17:27,,4.76,43.61,30.61,2012-05-14 20:16:34,2012-05-14 20:34:01,1048,11.5492022,48.1579286,11.5438681,48.132463,3.82
247,1,0,14204.0,14209.0,01:27:50,00:08:18,5.55,127.61,116.61,2012-05-13 18:03:19,2012-05-13 19:39:27,1183,11.585369,48.123819,11.590957,48.126731,12.01
247,2,0,772.0,772.0,00:03:26,,4.46,1.59,7.59,2012-05-07 18:06:23,2012-05-07 18:09:49,207,11.5310261,48.1041625,11.5342089,48.1103267,3.73
247,2,1,1538.0,1539.0,00:06:28,,4.63,7.76,13.76,2012-05-07 18:10:10,2012-05-07 18:16:38,389,11.5343213,48.1103059,11.5353735,48.1235331,3.95
247,2,2,118.0,118.0,00:00:36,,4.49,0.00,0.00,2012-05-07 18:16:54,2012-05-07 18:17:30,37,11.5353741,48.1235993,11.5355191,48.1246219,3.19
247,2,3,1534.0,1535.0,00:06:59,00:00:29,5.04,15.52,19.52,2012-05-07 18:17:33,2012-05-07 18:25:01,449,11.5355226,48.1246714,11.5463145,48.1321229,3.42
247,2,4,62.0,62.0,00:00:24,,2.94,3.00,0.00,2012-05-07 18:25:16,2012-05-07 18:25:40,25,11.5461515,48.1321366,11.5455615,48.1324103,2.49
247,2,5,5766.0,5767.0,00:27:24,00:00:17,4.84,40.77,47.77,2012-05-07 19:00:38,2012-05-07 19:28:19,1662,11.5442039,48.132436,11.5618179,48.1039301,3.47
248,0,0,7385.0,7387.0,00:35:06,00:00:07,4.93,65.07,58.07,2012-05-07 19:28:20,2012-05-07 20:03:33,2114,11.5617896,48.1038989,11.5444081,48.132411,3.49
248,0,1,1110.0,1110.0,00:04:55,00:00:06,5.43,10.42,6.42,2012-05-07 20:05:59,2012-05-07 20:11:00,302,11.5441897,48.1323818,11.5407838,48.1254713,3.68
248,0,2,1393.0,1394.0,00:05:52,00:00:01,5.22,11.92,6.92,2012-05-07 20:11:42,2012-05-07 20:17:35,354,11.5407196,48.1254414,11.5335462,48.1169415,3.94
248,0,3,682.0,683.0,00:02:51,,5.22,4.93,0.93,2012-05-07 20:18:00,2012-05-07 20:20:51,172,11.5335121,48.1169161,11.5340536,48.1108625,3.97
248,0,4,202.0,202.0,00:00:56,,4.89,0.13,1.13,2012-05-07 20:21:40,2012-05-07 20:22:36,57,11.5340071,48.1108043,11.5341966,48.1090097,3.55
248,0,5,1396.0,1396.0,00:06:57,00:00:01,4.63,9.38,3.38,2012-05-07 20:23:01,2012-05-07 20:29:59,419,11.534107,48.1089115,11.5319011,48.0999111,3.33
248,1,0,8851.0,8852.0,00:04:31,00:01:23,46.36,36.31,15.31,2012-05-08 22:34:14,2012-05-08 22:40:08,355,11.361039,48.225933,11.446915,48.170895,24.93
248,1,1,16389.0,16391.0,00:14:59,00:02:25,32.47,73.28,104.28,2012-05-09 18:34:53,2012-05-09 18:52:17,1001,11.36112,48.113983,11.544772,48.140484,16.37
248,2,0,6327.0,6328.0,,,0.00,8.50,12.50,,,226,11.421354,48.144703,11.368218,48.144066,28.00
249,0,0,1238399.0,1238504.0,,,0.00,620.79,610.79,,,3363,11.368362,48.144081,11.6346716,48.099185,368.24
249,1,0,9457.0,9458.0,00:50:07,00:48:40,6.52,63.04,63.04,2012-05-10 18:52:36,2012-05-10 20:31:23,942,11.5702773,48.1148363,11.5704149,48.1148266,10.04
249,2,0,5303.0,5306.0,00:24:37,01:04:51,5.48,54.62,54.62,2012-05-08 18:57:59,2012-05-08 20:27:27,524,11.5700874,48.1148919,11.5704255,48.1146262,10.12
249,3,0,1888.0,1888.0,00:22:59,00:01:14,1.62,12.94,12.94,2012-05-06 09:37:57,2012-05-06 10:02:10,171,11.5214829,48.1742635,11.5210521,48.1748097,11.04
24,0,0,60964.0,61004.0,,,0.00,142.08,153.08,,,4186,11.545491,48.1207431,11.5802534,48.1329592,14.56
24,1,0,26062.0,26065.0,00:58:46,00:21:03,13.21,77.48,92.48,2014-10-26 17:22:28,2014-10-26 18:42:17,521,11.6329611,48.065961,11.4975269,48.1224719,50.02
24,2,0,24472.0,24474.0,00:44:33,00:11:30,22.34,69.43,61.43,2014-10-21 04:28:37,2014-10-21 05:24:40,293,11.5160538,48.1177957,11.3640543,48.1150383,83.52
250,0,0,25905.0,25913.0,,,0.00,210.89,213.89,,,5000,11.6345983,48.0992066,11.6076449,48.1195649,5.18
251,0,0,6862.0,6863.0,,,0.00,44.81,32.81,,,1278,11.6076966,48.1195333,11.6587933,48.0788316,5.37
251,1,0,10266.0,10268.0,00:44:44,00:04:10,5.09,60.11,62.11,2012-05-05 07:34:11,2012-05-05 08:23:05,2935,11.5279698,48.0971913,11.417802,48.0980774,3.50
251,1,1,17.0,17.0,00:00:15,,0.00,0.00,0.00,2012-05-05 08:25:52,2012-05-05 08:26:07,16,11.4177592,48.0979665,11.4175647,48.0978842,1.07
251,1,2,1419.0,1419.0,00:05:28,00:00:17,6.13,10.82,3.82,2012-05-05 08:44:34,2012-05-05 08:50:19,346,11.418124,48.0977891,11.4051011,48.0901282,4.10
251,1,3,0.0,0.0,,,0.00,0.00,0.00,2012-05-05 08:53:13,2012-05-05 08:53:13,1,11.40507,48.0884542,11.40507,48.0884542,0.00
251,1,4,1354.0,1354.0,00:06:20,00:00:43,4.59,4.23,8.23,2012-05-05 12:58:12,2012-05-05 13:05:15,424,11.405237,48.0887421,11.415323,48.0967399,3.19
252,0,0,2347.0,2347.0,00:10:31,00:00:10,4.56,12.26,10.26,2012-05-05 13:05:16,2012-05-05 13:15:57,642,11.4153742,48.0967479,11.4427336,48.1033449,3.66
252,0,1,5604.0,5604.0,00:28:09,00:03:07,4.32,33.26,25.26,2012-05-05 13:17:36,2012-05-05 13:48:52,1877,11.4431619,48.1032359,11.4848529,48.0874896,2.99
252,0,2,0.0,0.0,,,0.00,0.00,0.00,2012-05-05 13:50:05,2012-05-05 13:50:05,1,11.4846952,48.0874514,11.4846952,48.0874514,0.00
252,1,0,106700.0,106724.0,,,0.00,283.29,263.29,,,2480,11.6427085,48.248138,11.5643505,48.1921288,43.02
253,0,0,118532.0,118593.0,,,0.00,426.04,401.04,,,4200,11.5643505,48.1921288,11.5048804,48.135184,28.22
253,1,0,13178.0,13181.0,01:15:22,00:35:46,5.25,94.18,94.18,2012-04-30 19:39:14,2012-04-30 21:30:22,726,11.5703632,48.1146774,11.570509,48.1149631,18.15
253,2,0,2643.0,2643.0,00:10:18,,5.60,9.80,2.80,2012-04-30 07:55:34,2012-04-30 08:05:52,72,11.3658949,48.1787389,11.3608159,48.158023,36.71
253,3,0,111.0,111.0,00:00:03,,0.00,0.00,1.00,2012-04-27 11:44:03,2012-04-27 11:44:06,2,11.7216653,48.1836363,11.7205229,48.184289,55.73
254,0,0,76853.0,76906.0,,,0.00,208.32,209.32,,,5000,11.5048686,48.1351848,11.395343,48.145695,15.37
255,0,0,111893.0,111988.0,,,0.00,427.61,452.61,,,5000,11.395348,48.145646,11.600406,48.181374,22.38
256,0,0,33801.0,33807.0,,,0.00,161.81,83.81,,,2220,11.600358,48.1814,11.47333,48.06217,15.23
256,1,0,4526.0,4529.0,00:44:57,00:06:22,2.83,58.74,41.74,2012-03-31 13:20:11,2012-03-31 14:11:30,2780,11.565996,48.090216,11.5612295,48.0624093,1.63
257,0,0,157.0,157.0,00:01:32,00:01:19,2.47,8.00,0.00,2012-03-31 14:11:31,2012-03-31 14:14:22,168,11.5612218,48.0623983,11.5599843,48.0616125,0.93
257,1,0,7845.0,7846.0,00:06:38,,27.79,5.71,41.71,2012-02-25 18:24:46,2012-02-25 18:31:24,39,11.595753,48.0626064,11.5513193,48.1125964,201.16
257,1,1,0.0,0.0,,00:00:15,0.00,0.00,0.00,2012-02-25 18:31:43,2012-02-25 18:31:58,2,11.5538674,48.1124434,11.5538674,48.1124434,0.00
257,1,2,2973.0,2974.0,00:08:10,00:11:55,13.67,28.05,7.05,2012-02-25 18:32:03,2012-02-25 18:52:08,69,11.5428465,48.1120476,11.537075,48.0980828,43.09
257,1,3,0.0,0.0,,00:11:00,0.00,0.00,0.00,2012-02-25 18:52:11,2012-02-25 19:03:11,52,11.5370775,48.0984938,11.5370775,48.0984938,0.00
257,1,4,20825.0,20834.0,00:13:55,00:01:50,29.30,65.96,27.96,2012-02-25 19:22:58,2012-02-25 19:38:43,99,11.5370775,48.0984938,11.3678517,48.0617932,210.35
257,2,0,9032.0,9032.0,,,0.00,14.61,1.61,1970-01-01 00:00:00,1970-01-01 00:00:00,6,11.5399102,48.1099105,11.5971247,48.0789195,1505.35
257,3,0,13754.0,13757.0,02:50:11,02:39:23,2.52,90.22,89.22,2012-04-21 10:47:29,2012-04-21 16:17:03,2328,11.5384984,48.0945396,11.5381765,48.0943465,5.91
257,4,0,32185.0,32186.0,00:16:55,,35.18,106.06,18.06,2012-04-09 06:46:32,2012-04-09 07:03:27,125,11.5329136,48.247312,11.7078984,48.0624736,257.48
257,5,0,71756.0,71770.0,,,0.00,161.42,153.42,,,1248,11.50144,48.147168,11.615578,48.128617,57.50
257,6,0,25499.0,25504.0,01:16:40,00:16:53,7.18,122.76,126.76,2012-04-19 14:20:23,2012-04-19 15:53:56,864,11.5697649,48.1566669,11.5670859,48.1527869,29.51
258,0,0,210839.0,210921.0,,,0.00,537.53,521.53,,,5000,11.61557,48.128632,11.65242,48.076205,42.17
259,0,0,46685.0,46708.0,,,0.00,114.84,167.84,,,5000,11.6524033,48.0762316,11.547352,48.215169,9.34
25,0,0,135734.0,135753.0,,,0.00,262.65,282.65,,,4051,11.5802598,48.1329534,11.44648,48.19893,33.51
25,1,0,29628.0,29629.0,00:22:24,00:00:56,33.32,117.14,35.14,2014-11-02 13:23:33,2014-11-02 13:46:53,357,11.3617062,48.2254521,11.4731347,48.0616188,82.99
25,2,0,233.0,233.0,00:03:20,00:01:49,0.00,0.00,5.00,2013-06-20 08:04:20,2013-06-20 08:09:29,9,11.560216,48.13818,11.558352,48.139164,25.86
25,2,1,12157.0,12158.0,03:08:00,01:55:20,2.32,45.01,35.01,2013-06-20 08:51:44,2013-06-20 13:55:04,318,11.691994,48.134041,11.692545,48.133808,38.23
25,2,2,489.0,489.0,00:06:48,,0.00,0.75,1.75,2013-06-20 14:27:29,2013-06-20 14:34:17,16,11.576283,48.13689,11.580013,48.137554,30.57
25,2,3,2120.0,2120.0,00:32:00,00:41:19,1.80,20.42,11.42,2013-06-20 15:52:13,2013-06-20 17:05:32,62,11.580131,48.137432,11.560143,48.137859,34.19
25,2,4,1055.0,1055.0,00:10:37,00:03:07,10.45,0.44,7.44,2013-06-21 11:10:39,2013-06-21 11:24:23,30,11.578116,48.137596,11.582117,48.131359,35.16
25,2,5,1115.0,1115.0,00:14:31,01:23:21,1.92,11.23,2.23,2013-06-21 14:51:57,2013-06-21 16:29:49,35,11.583507,48.130684,11.57635,48.13588,31.86
25,2,6,216.0,216.0,00:03:23,,0.00,1.00,0.00,2013-06-21 18:38:49,2013-06-21 18:42:12,8,11.576617,48.135487,11.576221,48.137218,27.06
25,2,7,388.0,388.0,00:03:37,00:01:49,0.00,4.00,0.00,2013-06-21 18:51:40,2013-06-21 18:57:06,15,11.56091,48.141048,11.559789,48.137993,25.85
25,3,0,5386.0,5387.0,00:03:16,,28.25,20.09,10.09,2013-06-19 20:31:25,2013-06-19 20:34:41,99,11.642666,48.247997,11.619645,48.202019,54.41
260,0,0,30455.0,30459.0,,,0.00,155.70,148.70,,,5000,11.54735,48.215114,11.58487,48.197476,6.09
261,0,0,129632.0,129666.0,,,0.00,279.91,248.91,,,3199,11.58488,48.197545,11.4454686,48.1335711,40.52
261,1,0,12530.0,12531.0,00:34:31,00:02:26,9.25,27.43,38.43,2011-04-02 16:42:02,2011-04-02 17:18:59,208,11.588168,48.12532,11.721862,48.149055,60.24
261,2,0,12723.0,12724.0,00:18:17,00:59:19,25.28,42.50,69.50,2012-04-13 16:56:26,2012-04-13 18:14:02,923,11.36083,48.11393,11.46969,48.1541,13.78
261,3,0,5370.0,5370.0,00:08:10,00:00:46,16.75,42.59,24.59,2012-04-09 08:19:31,2012-04-09 08:28:27,457,11.46973,48.15402,11.43045,48.12819,11.75
261,3,1,5523.0,5524.0,00:03:33,,30.00,32.31,28.31,2012-04-09 08:28:42,2012-04-09 08:32:15,213,11.4269,48.12961,11.36086,48.11412,25.93
262,0,0,24977.0,24984.0,,,0.00,64.63,46.63,,,5000,11.4454793,48.1335818,11.6433049,48.0697083,5.00
264,0,0,28652.0,28653.0,00:16:28,,33.99,103.93,111.93,2012-04-07 11:12:27,2012-04-07 11:28:55,915,11.7033942,48.1910344,11.361003,48.226146,31.31
264,1,0,12360.0,12360.0,00:14:10,00:28:13,32.81,49.70,24.70,2012-04-06 19:27:38,2012-04-06 20:10:01,1489,11.3611256,48.2258207,11.4697482,48.1541393,8.30
264,2,0,24303.0,24320.0,,,0.00,114.52,80.52,,,808,11.54862,48.12242,11.5041616,48.0876966,30.08
264,3,0,1900.0,1900.0,00:20:15,00:01:58,2.49,9.08,8.08,2012-04-07 17:18:58,2012-04-07 17:41:11,1090,11.61829,48.07025,11.61722,48.07075,1.74
264,4,0,1191.0,1191.0,00:13:06,00:02:30,2.34,2.87,2.87,2012-04-07 17:02:18,2012-04-07 17:17:54,689,11.61718,48.071,11.61823,48.07023,1.73
264,5,0,41.0,41.0,00:00:32,00:01:10,0.00,1.00,0.00,2012-03-02 02:52:06,2012-03-02 02:53:48,9,11.615532,48.190834,11.615442,48.190631,4.61
265,0,0,6169.0,6170.0,00:22:06,00:00:09,5.53,34.85,17.85,2012-03-02 02:53:54,2012-03-02 03:16:09,151,11.615652,48.190513,11.580741,48.145001,40.86
265,0,1,2367.0,2368.0,00:09:14,00:00:22,5.79,12.87,8.87,2012-03-02 03:17:09,2012-03-02 03:26:45,59,11.580559,48.144821,11.55608,48.141456,40.12
265,0,2,0.0,0.0,,00:00:04,0.00,0.00,0.00,2012-03-02 03:27:12,2012-03-02 03:27:16,3,11.556091,48.141563,11.556091,48.141563,0.00
265,0,3,311.0,311.0,00:02:16,,0.00,0.01,3.01,2012-03-02 03:27:17,2012-03-02 03:29:33,17,11.555904,48.139446,11.553199,48.139411,18.31
265,0,4,15188.0,15191.0,00:59:45,00:07:59,7.01,80.19,103.19,2012-03-02 12:44:23,2012-03-02 13:52:07,444,11.554007,48.139295,11.616097,48.190962,34.21
265,0,5,447.0,447.0,00:03:53,00:00:47,3.52,1.72,2.72,2012-03-02 16:20:20,2012-03-02 16:25:00,33,11.616567,48.190325,11.617374,48.189084,13.54
265,0,6,428.0,428.0,00:03:32,00:02:44,3.05,1.96,1.96,2012-03-02 17:05:30,2012-03-02 17:11:46,33,11.617322,48.189066,11.61604,48.190946,12.96
265,1,0,804.0,804.0,00:07:21,00:04:10,3.25,4.61,1.61,2012-03-01 06:58:41,2012-03-01 07:10:12,73,11.616207,48.190994,11.612177,48.194458,11.02
265,1,1,32823.0,32827.0,01:56:19,00:50:58,6.19,116.58,119.58,2012-03-01 07:17:20,2012-03-01 10:04:37,773,11.611949,48.19436,11.61608,48.190917,42.46
265,1,2,1133.0,1133.0,00:05:41,00:11:19,5.41,2.44,2.44,2012-03-01 10:33:03,2012-03-01 10:50:03,62,11.616023,48.190977,11.615943,48.19098,18.27
265,2,0,1.0,1.0,,00:00:02,0.00,0.00,0.00,2012-02-29 13:14:55,2012-02-29 13:14:57,3,11.603837,48.128546,11.60384,48.128542,0.17
265,2,1,9090.0,9091.0,00:32:33,00:06:59,5.99,28.43,66.43,2012-02-29 13:14:59,2012-02-29 13:54:31,277,11.603842,48.128537,11.616116,48.190969,32.81
265,2,2,658.0,659.0,00:04:04,00:04:16,7.51,2.21,2.21,2012-02-29 14:36:33,2012-02-29 14:44:53,58,11.616139,48.190938,11.616028,48.191004,11.35
265,2,3,959.0,960.0,00:04:26,00:00:01,6.32,4.49,2.49,2012-02-29 14:54:14,2012-02-29 14:58:41,40,11.616332,48.190647,11.612023,48.194495,23.99
265,2,4,996.0,996.0,00:05:10,00:01:02,5.75,1.70,4.70,2012-02-29 15:09:39,2012-02-29 15:15:51,45,11.611852,48.194436,11.616118,48.190943,22.12
265,3,0,8462.0,8464.0,00:31:57,00:00:30,5.93,62.52,26.52,2012-02-25 02:53:53,2012-02-25 03:26:20,209,11.621894,48.189715,11.556103,48.14186,40.49
265,3,1,499.0,502.0,00:01:42,00:00:29,0.00,0.69,10.69,2012-02-25 03:26:36,2012-02-25 03:28:47,17,11.556015,48.141791,11.554129,48.13976,29.36
265,3,2,8250.0,8252.0,00:30:48,00:03:10,6.38,33.39,50.39,2012-02-25 12:39:22,2012-02-25 13:13:20,242,11.553969,48.139807,11.60242,48.178625,34.09
265,3,3,1807.0,1807.0,00:07:44,00:01:05,6.63,2.27,11.27,2012-02-25 13:25:18,2012-02-25 13:34:07,57,11.602868,48.178535,11.6161,48.190933,31.70
265,4,0,0.0,0.0,,00:00:01,0.00,0.00,0.00,2012-02-24 06:42:17,2012-02-24 06:42:18,2,11.615839,48.191101,11.615838,48.191102,0.07
265,4,1,840.0,840.0,00:09:31,00:05:31,3.05,5.84,2.84,2012-02-24 06:42:20,2012-02-24 06:57:22,75,11.615835,48.191104,11.612039,48.194334,11.19
265,4,2,23145.0,23148.0,01:29:20,00:09:27,6.10,127.53,67.53,2012-02-24 07:03:25,2012-02-24 08:42:12,573,11.611804,48.19436,11.612157,48.062053,40.39
265,4,3,9167.0,9169.0,00:39:57,00:45:40,5.34,28.86,70.86,2012-02-24 09:36:51,2012-02-24 11:02:28,222,11.572295,48.061954,11.594986,48.123692,41.29
265,4,4,11551.0,11553.0,00:39:43,00:05:15,8.01,53.51,85.51,2012-02-24 11:25:22,2012-02-24 12:10:20,326,11.594934,48.123741,11.616044,48.190943,35.43
265,4,5,892.0,892.0,00:09:10,00:01:01,3.10,1.62,5.62,2012-02-24 14:43:21,2012-02-24 14:53:32,66,11.61576,48.190743,11.624796,48.190496,13.51
265,4,6,1137.0,1138.0,00:10:01,00:01:57,3.18,4.64,1.64,2012-02-24 15:44:11,2012-02-24 15:56:09,57,11.624863,48.190572,11.618209,48.196853,19.96
265,4,7,0.0,0.0,,,0.00,0.00,0.00,2012-02-24 15:56:36,2012-02-24 15:56:36,1,11.618223,48.196718,11.618223,48.196718,0.00
265,4,8,725.0,725.0,00:07:24,00:01:26,2.57,3.09,2.09,2012-02-24 15:57:55,2012-02-24 16:06:45,42,11.618914,48.192997,11.615815,48.190963,17.25
265,5,0,1.0,1.0,00:00:01,00:00:01,0.00,0.00,0.00,2012-02-23 02:58:15,2012-02-23 02:58:17,3,11.618684,48.191003,11.618675,48.191005,0.24
265,5,1,8314.0,8315.0,00:31:16,00:00:53,5.98,56.54,23.54,2012-02-23 02:58:19,2012-02-23 03:30:28,212,11.618668,48.191005,11.556148,48.14187,39.22
265,5,2,527.0,530.0,00:02:26,,0.00,0.40,10.40,2012-02-23 03:30:59,2012-02-23 03:33:25,17,11.556148,48.14187,11.553574,48.1397,31.02
265,5,3,4110.0,4111.0,00:15:23,00:04:11,7.07,16.02,25.02,2012-02-23 12:31:11,2012-02-23 12:50:45,114,11.553971,48.139013,11.585392,48.158953,36.05
265,5,4,4452.0,4453.0,00:16:35,00:00:24,7.59,15.83,29.83,2012-02-23 12:51:38,2012-02-23 13:08:37,124,11.585493,48.159251,11.616067,48.191034,35.91
265,5,5,891.0,891.0,00:04:36,00:00:23,8.91,3.95,0.95,2012-02-23 14:51:55,2012-02-23 14:56:54,44,11.615747,48.190926,11.61192,48.194483,20.25
265,5,6,1112.0,1112.0,00:06:16,00:01:55,5.09,2.25,5.25,2012-02-23 14:59:24,2012-02-23 15:07:35,52,11.611885,48.194503,11.616095,48.190968,21.39
265,6,0,1409.0,1410.0,,,0.00,8.35,6.35,,,474,11.5675789,48.1231909,11.566742,48.1335604,2.97
266,0,0,30433.0,30458.0,,,0.00,242.11,208.11,,,5000,11.5667152,48.1336355,11.5299314,48.0951887,6.09
267,0,0,34824.0,34865.0,,,0.00,158.85,195.85,,,5000,11.5298992,48.0952048,11.5609699,48.1412798,6.96
268,0,0,8095.0,8108.0,,,0.00,49.69,15.69,,,579,11.5609699,48.1412798,11.5066123,48.0943357,13.98
268,1,0,8711.0,8712.0,00:05:44,,31.32,41.10,24.10,2010-08-06 04:03:29,2010-08-06 04:09:13,344,11.3610313,48.2258455,11.4191873,48.1703673,25.32
268,1,1,5452.0,5452.0,00:03:32,,28.47,35.41,18.41,2010-08-06 04:10:44,2010-08-06 04:14:16,213,11.4013171,48.1574763,11.4277449,48.1289745,25.60
268,1,2,5467.0,5467.0,00:04:05,,25.48,23.97,26.97,2010-08-06 04:14:28,2010-08-06 04:18:33,246,11.4310605,48.1277393,11.5027787,48.1257199,22.22
268,1,3,4724.0,4725.0,00:05:52,00:01:04,19.62,23.91,32.91,2010-08-06 04:18:35,2010-08-06 04:25:31,355,11.5033095,48.1257119,11.5445504,48.1118261,13.31
268,1,4,1430.0,1431.0,00:01:22,,19.36,16.52,12.52,2010-08-06 04:26:15,2010-08-06 04:27:37,83,11.5545849,48.1122489,11.5733768,48.1118546,17.23
268,1,5,5886.0,5887.0,00:04:16,,33.01,44.60,19.60,2010-08-06 04:27:54,2010-08-06 04:32:10,257,11.5767416,48.11158,11.5952247,48.0616594,22.90
268,1,6,5939.0,5940.0,00:04:07,,38.95,18.02,38.02,2010-08-15 10:03:14,2010-08-15 10:07:21,247,11.5955617,48.0617057,11.5762927,48.1117054,24.04
268,1,7,1441.0,1442.0,00:01:31,,17.25,12.93,11.93,2010-08-15 10:07:37,2010-08-15 10:09:08,92,11.5727991,48.1119746,11.5538584,48.1124021,15.67
268,1,8,637.0,637.0,00:00:37,,19.50,11.16,3.16,2010-08-15 10:10:00,2010-08-15 10:10:37,38,11.5422182,48.1113309,11.5342963,48.1106768,16.77
268,1,9,9929.0,9930.0,00:12:05,00:01:02,22.29,51.87,54.87,2010-08-15 10:10:40,2010-08-15 10:23:47,720,11.5338152,48.110652,11.4303503,48.1282992,13.79
268,1,10,5419.0,5419.0,00:03:38,,29.83,9.70,34.70,2010-08-15 10:23:59,2010-08-15 10:27:37,219,11.4271729,48.1294113,11.4023099,48.1580151,24.74
268,1,11,9235.0,9235.0,00:05:13,,36.58,21.93,38.93,2010-08-15 10:29:07,2010-08-15 10:34:20,314,11.4198679,48.1706238,11.3610592,48.2261502,29.41
268,1,12,4385.0,4385.0,00:02:38,,37.14,12.96,26.96,2011-08-21 10:25:58,2011-08-21 10:28:36,159,11.5956304,48.061767,11.5852218,48.0994534,27.58
268,1,13,1509.0,1509.0,00:01:30,,20.09,9.75,14.75,2011-08-21 10:28:40,2011-08-21 10:30:10,91,11.584851,48.1000187,11.5761073,48.11187,16.58
268,1,14,1400.0,1400.0,00:01:25,,17.48,12.55,11.55,2011-08-21 10:30:27,2011-08-21 10:31:52,86,11.5725064,48.1120772,11.5541631,48.11245,16.27
268,1,15,225.0,226.0,00:00:47,,6.12,11.12,0.12,2011-08-21 10:33:24,2011-08-21 10:34:11,48,11.5425327,48.1115005,11.5399256,48.1108032,4.70
268,1,16,10972.0,10973.0,00:12:01,00:01:16,23.96,61.31,59.31,2011-08-21 10:34:13,2011-08-21 10:47:30,695,11.5398046,48.1107827,11.4305461,48.1281681,15.79
268,1,17,5530.0,5531.0,00:03:33,,28.33,32.09,28.09,2011-08-21 10:47:43,2011-08-21 10:51:16,214,11.4270053,48.1294636,11.3609297,48.1140952,25.84
269,0,0,47861.0,47881.0,,,0.00,311.76,349.76,,,4537,11.506682,48.0943411,11.5766433,48.1620866,10.55
269,1,0,15966.0,15967.0,00:21:30,00:01:36,22.56,31.33,87.33,2012-03-31 18:27:36,2012-03-31 18:50:42,463,11.4739569,48.0616531,11.4667974,48.1540844,34.48
26,0,0,11867.0,11868.0,00:22:32,00:04:21,25.15,66.92,37.92,2013-06-19 20:34:43,2013-06-19 21:01:36,289,11.619409,48.201546,11.559845,48.137959,41.06
26,1,0,12889.0,12890.0,00:10:30,,36.95,24.93,66.93,2013-06-21 19:55:25,2013-06-21 20:05:55,331,11.486532,48.14867,11.552404,48.24818,38.94
26,2,0,6.0,6.0,00:00:01,,0.00,0.00,0.00,2011-07-04 07:54:57,2011-07-04 07:54:58,2,11.544655,48.139667,11.544726,48.139687,2.86
26,2,1,2370.0,2371.0,00:03:53,00:01:25,17.83,10.44,17.44,2011-07-04 07:55:00,2011-07-04 08:00:18,274,11.544715,48.139656,11.537283,48.153469,8.65
26,2,2,4531.0,4534.0,00:04:36,,17.64,39.81,54.81,2011-07-04 08:00:29,2011-07-04 08:05:05,277,11.53712,48.1548,11.570224,48.1773,16.36
26,2,3,11103.0,11104.0,00:10:24,00:00:02,28.29,43.47,62.47,2011-07-04 08:06:45,2011-07-04 08:17:11,626,11.589869,48.176693,11.642975,48.248157,17.74
26,2,4,16513.0,16514.0,00:20:24,00:04:39,25.90,76.13,54.13,2011-07-04 14:26:11,2011-07-04 14:51:14,1380,11.642655,48.248005,11.58031,48.177582,11.97
26,2,5,8809.0,8812.0,00:25:16,01:33:40,11.74,79.25,66.25,2011-07-04 14:52:27,2011-07-04 16:51:23,1821,11.566862,48.176563,11.555908,48.141468,4.84
270,0,0,226.0,226.0,00:00:48,00:00:15,0.00,0.21,2.21,2012-03-31 18:50:45,2012-03-31 18:51:48,22,11.4670762,48.154093,11.469785,48.154054,10.29
270,1,0,12859.0,12860.0,00:14:30,00:00:54,22.97,87.79,32.79,2012-03-31 13:07:46,2012-03-31 13:23:10,922,11.4656418,48.1468363,11.4734316,48.0618196,13.95
270,2,0,1137.0,1137.0,00:05:44,00:06:53,5.65,4.76,4.76,2012-03-31 12:00:16,2012-03-31 12:12:53,82,11.5574248,48.2481088,11.5574448,48.2482176,13.86
270,3,0,54305.0,54319.0,,,0.00,109.55,96.55,,,3974,11.659043,48.076952,11.5951901,48.0684054,13.66
271,0,0,248615.0,248686.0,,,0.00,795.69,843.69,,,4348,11.5948902,48.0684584,11.489768,48.1659186,57.18
271,1,0,3209.0,3209.0,00:08:00,,7.92,5.02,12.02,2012-03-24 14:42:59,2012-03-24 14:50:59,97,11.36086,48.2260384,11.3708736,48.2479328,33.08
271,2,0,2926.0,2927.0,00:09:43,00:01:01,6.38,23.53,11.53,2012-03-17 07:55:07,2012-03-17 08:05:51,555,11.5253538,48.1033624,11.498989,48.0881056,5.27
272,0,0,14778.0,14784.0,00:40:56,03:09:14,6.84,93.45,101.45,2012-03-17 08:05:52,2012-03-17 11:56:02,2953,11.4989558,48.0880611,11.5253516,48.1032313,5.00
272,1,0,7220.0,7221.0,00:29:45,00:01:51,5.61,53.18,24.18,2012-03-18 10:10:52,2012-03-18 10:42:28,1897,11.5293623,48.099771,11.4726021,48.0616322,3.81
272,2,0,34785.0,34796.0,,,0.00,20.59,100.59,,,150,11.7093572,48.0618501,11.5585023,48.2479513,231.90
273,0,0,158343.0,158392.0,,,0.00,664.88,628.88,,,5000,11.55913,48.2478333,11.5830689,48.1332119,31.67
274,0,0,97143.0,97163.0,,,0.00,255.08,225.08,,,2700,11.5828519,48.1333982,11.6586583,48.0786516,35.98
274,1,0,48662.0,48664.0,00:24:10,212:57:52,42.60,86.92,85.92,2011-07-01 18:11:40,2011-07-10 15:33:42,72,11.6413,48.245583,11.641169,48.244537,675.87
274,2,0,16390.0,16394.0,03:10:02,,3.33,66.31,66.31,2012-03-05 18:56:03,2012-03-05 22:06:05,786,11.3787044,48.1863447,11.3785494,48.1863678,20.85
274,3,0,668.0,668.0,00:10:47,00:01:21,1.35,9.42,2.42,2012-02-21 11:49:09,2012-02-21 12:01:17,726,11.6819703,48.1086533,11.6815564,48.1044652,0.92
274,3,1,177.0,177.0,00:02:44,00:01:38,1.42,0.67,0.67,2012-02-21 12:03:35,2012-02-21 12:07:57,261,11.6813523,48.1044658,11.6804671,48.103592,0.68
274,3,2,487.0,488.0,00:07:25,00:00:10,1.54,14.49,0.49,2012-02-21 12:16:10,2012-02-21 12:23:45,455,11.680451,48.1035175,11.6819696,48.1014021,1.07
275,0,0,539.0,540.0,00:07:23,00:01:02,1.64,2.68,13.68,2012-02-21 12:23:46,2012-02-21 12:32:11,505,11.681983,48.1014104,11.687442,48.103074,1.07
275,1,0,308228.0,308257.0,,,0.00,582.78,626.78,,,3556,11.535477,48.132308,11.506238,48.230559,86.68
275,2,0,12509.0,12509.0,00:07:18,,39.73,59.74,46.74,2012-02-18 15:23:35,2012-02-18 15:30:53,428,11.6020265,48.2481598,11.6919616,48.1932182,29.23
275,2,1,127.0,127.0,00:00:05,,0.00,3.00,0.00,2012-02-18 15:31:03,2012-02-18 15:31:08,6,11.6952933,48.1925582,11.6969332,48.1922316,21.13
275,2,2,60.0,60.0,00:00:02,,0.00,0.00,0.00,2012-02-18 15:31:17,2012-02-18 15:31:19,3,11.6999765,48.1915849,11.7007449,48.1914132,20.01
275,2,3,248.0,248.0,00:00:08,,0.00,1.25,0.25,2012-02-18 15:31:34,2012-02-18 15:31:42,9,11.7066099,48.1898832,11.7096133,48.1889032,27.53
275,2,4,91.0,91.0,00:00:03,,0.00,0.00,0.00,2012-02-18 15:31:56,2012-02-18 15:31:59,4,11.7146432,48.1869566,11.7156716,48.1865049,22.81
275,2,5,30.0,30.0,00:00:01,,0.00,2.00,0.00,2012-02-18 15:32:12,2012-02-18 15:32:13,2,11.7201416,48.1842865,11.7204515,48.1841132,14.98
275,3,0,40538.0,40539.0,00:41:46,01:12:06,28.84,40.50,139.50,2012-02-23 08:20:00,2012-02-23 10:13:52,487,11.474791,48.062504,11.533907,48.24483,83.24
276,0,0,44838.0,44860.0,,,0.00,149.61,78.61,,,2009,11.508042,48.229259,11.6824516,48.0943733,22.32
276,1,0,3531.0,3531.0,00:25:21,00:02:22,3.29,13.74,17.74,2012-02-21 15:09:07,2012-02-21 15:36:50,126,11.611854,48.194453,11.622922,48.20647,28.02
276,1,1,1437.0,1437.0,00:10:19,00:02:06,4.11,2.66,6.66,2012-02-21 15:46:24,2012-02-21 15:58:49,63,11.622834,48.206423,11.619843,48.196415,22.81
276,1,2,0.0,0.0,,,0.00,0.00,0.00,2012-02-21 16:09:16,2012-02-21 16:09:16,1,11.619838,48.196409,11.619838,48.196409,0.00
276,1,3,928.0,928.0,00:06:24,00:00:33,4.74,7.13,2.13,2012-02-21 16:09:17,2012-02-21 16:16:14,49,11.619589,48.196311,11.615994,48.191033,18.94
276,2,0,1.0,1.0,00:00:01,00:00:01,0.00,0.00,0.00,2012-02-23 02:58:15,2012-02-23 02:58:17,3,11.618684,48.191003,11.618675,48.191005,0.24
276,2,1,8314.0,8315.0,00:31:16,00:00:53,5.98,56.54,23.54,2012-02-23 02:58:19,2012-02-23 03:30:28,212,11.618668,48.191005,11.556148,48.14187,39.22
276,2,2,527.0,530.0,00:02:26,,0.00,0.40,10.40,2012-02-23 03:30:59,2012-02-23 03:33:25,17,11.556148,48.14187,11.553574,48.1397,31.02
276,2,3,4110.0,4111.0,00:15:23,00:04:11,7.07,16.02,25.02,2012-02-23 12:31:11,2012-02-23 12:50:45,114,11.553971,48.139013,11.585392,48.158953,36.05
276,2,4,4452.0,4453.0,00:16:35,00:00:24,7.59,15.83,29.83,2012-02-23 12:51:38,2012-02-23 13:08:37,124,11.585493,48.159251,11.616067,48.191034,35.91
276,2,5,891.0,891.0,00:04:36,00:00:23,8.91,3.95,0.95,2012-02-23 14:51:55,2012-02-23 14:56:54,44,11.615747,48.190926,11.61192,48.194483,20.25
276,2,6,1112.0,1112.0,00:06:16,00:01:55,5.09,2.25,5.25,2012-02-23 14:59:24,2012-02-23 15:07:35,52,11.611885,48.194503,11.616095,48.190968,21.39
276,3,0,0.0,0.0,,00:00:02,0.00,0.00,0.00,2012-02-20 10:10:40,2012-02-20 10:10:42,3,11.616004,48.191039,11.616005,48.19104,0.04
276,3,1,2803.0,2803.0,00:14:15,00:19:23,4.94,10.89,4.89,2012-02-20 10:10:43,2012-02-20 10:44:21,182,11.616006,48.19104,11.60247,48.178585,15.40
276,4,0,1546.0,1546.0,00:17:42,00:00:24,2.32,4.86,9.86,2012-02-08 07:31:18,2012-02-08 07:49:24,173,11.612582,48.195135,11.616219,48.1911,8.94
276,5,0,3.0,3.0,00:00:02,,0.00,0.00,0.00,2012-02-01 14:48:22,2012-02-01 14:48:24,3,11.616374,48.190988,11.616392,48.190972,0.85
276,5,1,797.0,797.0,00:11:10,00:00:09,1.72,6.98,3.98,2012-02-01 14:48:26,2012-02-01 14:59:45,74,11.616417,48.19096,11.612083,48.19448,10.77
276,5,2,800.0,800.0,00:14:52,00:01:38,1.33,1.20,4.20,2012-02-01 15:16:11,2012-02-01 15:32:41,91,11.611926,48.19444,11.616008,48.190953,8.79
276,6,0,77.0,77.0,00:00:19,,0.00,0.00,0.00,2012-01-23 06:20:04,2012-01-23 06:20:23,5,11.615684,48.190675,11.615425,48.190095,15.37
276,6,1,1444.0,1444.0,00:03:41,00:00:16,13.79,3.45,1.45,2012-01-23 06:20:24,2012-01-23 06:24:21,45,11.61532,48.190034,11.612026,48.194439,32.08
276,6,2,3131.0,3131.0,00:11:23,00:18:08,12.59,6.20,7.20,2012-01-23 06:53:24,2012-01-23 07:22:55,119,11.612136,48.194418,11.597216,48.194146,26.31
276,6,3,3883.0,3883.0,00:08:36,00:01:54,16.87,5.53,7.53,2012-01-23 08:28:26,2012-01-23 08:38:56,81,11.597246,48.194017,11.616026,48.191101,47.94
276,6,4,716.0,716.0,00:05:34,00:00:02,3.80,2.63,1.63,2012-01-23 14:51:03,2012-01-23 14:56:39,43,11.6141,48.190501,11.612087,48.194399,16.66
276,6,5,1681.0,1681.0,00:26:35,00:15:48,2.03,6.22,9.22,2012-01-23 15:04:47,2012-01-23 15:47:10,222,11.612184,48.194591,11.616009,48.190943,7.57
276,7,0,924.0,924.0,00:07:23,00:04:21,2.75,1.37,4.37,2012-01-22 12:52:12,2012-01-22 13:03:56,61,11.615867,48.191024,11.624816,48.19053,15.15
276,7,1,1984.0,1985.0,00:21:07,00:07:58,2.61,16.98,13.98,2012-01-22 13:34:54,2012-01-22 14:03:59,147,11.624737,48.190531,11.62605,48.177628,13.50
276,7,2,2354.0,2354.0,00:19:16,00:05:14,3.87,15.25,15.25,2012-01-22 14:25:13,2012-01-22 14:49:43,131,11.626115,48.177591,11.616131,48.191063,17.97
276,8,0,320.0,320.0,00:04:04,00:00:41,3.40,0.93,1.93,2012-01-21 09:48:29,2012-01-21 09:53:14,30,11.616172,48.191154,11.618509,48.193153,10.66
276,8,1,370.0,370.0,00:04:02,00:00:02,2.01,1.99,2.99,2012-01-21 10:04:09,2012-01-21 10:08:13,32,11.618541,48.193396,11.616146,48.190942,11.56
276,8,2,314.0,314.0,00:06:07,00:02:33,1.06,2.19,0.19,2012-01-21 11:33:25,2012-01-21 11:42:05,44,11.61558,48.190501,11.614257,48.19181,7.14
276,8,3,584.0,584.0,00:10:59,00:01:50,1.90,6.06,2.06,2012-01-21 12:15:43,2012-01-21 12:28:32,90,11.575043,48.108953,11.574429,48.105913,6.49
276,8,4,933.0,933.0,00:18:12,00:20:05,1.37,2.03,4.03,2012-01-21 12:35:35,2012-01-21 13:13:52,173,11.574413,48.105817,11.574021,48.101733,5.39
276,8,5,1264.0,1264.0,00:22:55,00:01:47,1.75,7.06,7.06,2012-01-21 14:08:49,2012-01-21 14:33:31,153,11.574017,48.102019,11.58133,48.104502,8.26
276,8,6,313.0,313.0,00:05:16,00:01:20,2.88,0.46,1.46,2012-01-21 15:13:39,2012-01-21 15:20:15,40,11.614091,48.191634,11.616128,48.191099,7.83
276,9,0,2186.0,2186.0,00:33:51,00:11:22,1.51,11.70,11.70,2011-11-20 13:04:27,2011-11-20 13:49:40,244,11.537455,48.114426,11.5374158,48.1143828,8.96
277,0,0,6967.0,6971.0,,,0.00,68.30,76.30,,,5000,11.6824232,48.0943733,11.6974566,48.0875183,1.39
278,0,0,1617.0,1618.0,,,0.00,13.17,13.17,,,929,11.6974616,48.0875299,11.7057916,48.0912133,1.74
278,1,0,15081.0,15082.0,00:51:44,00:16:35,7.26,42.77,57.77,2012-02-18 13:06:10,2012-02-18 14:14:29,622,11.3609512,48.2261248,11.4549368,48.248128,24.25
278,2,0,275.0,275.0,00:00:36,00:00:40,0.00,2.00,0.00,2011-01-21 19:02:05,2011-01-21 19:03:21,39,11.467314,48.147104,11.469244,48.145764,7.05
278,2,1,0.0,0.0,,00:13:42,0.00,0.00,0.00,2011-01-22 08:57:27,2011-01-22 09:11:09,484,11.469244,48.145764,11.469244,48.145764,0.00
278,2,2,324.0,324.0,00:00:28,,0.00,2.83,0.83,2011-01-22 09:11:08,2011-01-22 09:11:36,15,11.523513,48.141041,11.527823,48.140564,21.60
278,2,3,0.0,0.0,,00:09:17,0.00,0.00,0.00,2011-01-22 09:11:38,2011-01-22 09:20:55,328,11.527976,48.140547,11.527976,48.140547,0.00
278,2,4,4966.0,4967.0,00:58:36,00:27:37,2.23,31.12,29.12,2011-01-22 09:20:56,2011-01-22 10:47:09,2583,11.559352,48.139562,11.573708,48.139908,1.92
279,0,0,1455.0,1456.0,00:19:03,00:03:08,2.01,4.99,9.99,2011-01-22 10:47:11,2011-01-22 11:09:22,664,11.573741,48.139898,11.581698,48.137217,2.19
279,0,1,0.0,0.0,,00:00:31,0.00,0.00,0.00,2011-01-22 11:09:24,2011-01-22 11:09:55,19,11.581696,48.137212,11.581696,48.137212,0.00
279,0,2,128.0,128.0,00:01:22,00:02:03,1.82,0.00,1.00,2011-01-22 11:09:56,2011-01-22 11:13:21,99,11.581007,48.137034,11.581778,48.137177,1.29
279,0,3,0.0,0.0,,00:00:24,0.00,0.00,0.00,2011-01-22 11:13:23,2011-01-22 11:13:47,15,11.581779,48.137175,11.581779,48.137175,0.00
279,0,4,137.0,137.0,00:02:28,00:01:06,1.48,0.00,0.00,2011-01-22 11:13:48,2011-01-22 11:17:22,108,11.581461,48.137333,11.581453,48.137519,1.27
279,0,5,0.0,0.0,,00:03:49,0.00,0.00,0.00,2011-01-22 11:17:24,2011-01-22 11:21:13,136,11.581454,48.137525,11.581454,48.137525,0.00
279,0,6,582.0,582.0,00:07:10,00:02:35,1.98,0.23,5.23,2011-01-22 11:21:14,2011-01-22 11:30:59,296,11.581831,48.137,11.582127,48.134511,1.97
279,0,7,0.0,0.0,,00:17:33,0.00,0.00,0.00,2011-01-22 11:31:01,2011-01-22 11:48:34,618,11.582127,48.134512,11.582127,48.134512,0.00
279,0,8,541.0,541.0,00:06:08,00:01:20,2.22,0.58,0.58,2011-01-22 11:48:35,2011-01-22 11:56:03,227,11.581354,48.134919,11.580216,48.13512,2.38
279,0,9,0.0,0.0,,00:00:34,0.00,0.00,0.00,2011-01-22 11:56:05,2011-01-22 11:56:39,21,11.580223,48.135102,11.580223,48.135102,0.00
279,0,10,49.0,49.0,00:00:36,,1.43,0.00,1.00,2011-01-22 11:56:40,2011-01-22 11:57:16,22,11.580941,48.135944,11.581544,48.135796,2.21
279,0,11,0.0,0.0,,00:41:32,0.00,0.00,0.00,2011-01-22 11:57:17,2011-01-22 12:38:49,1462,11.581544,48.135796,11.581544,48.135796,0.00
279,0,12,270.0,270.0,00:02:56,00:00:14,2.47,4.00,0.00,2011-01-22 12:38:50,2011-01-22 12:42:00,99,11.578261,48.136425,11.576923,48.137034,2.73
279,0,13,0.0,0.0,,00:00:55,0.00,0.00,0.00,2011-01-22 12:42:02,2011-01-22 12:42:57,33,11.576909,48.137035,11.576909,48.137035,0.00
279,0,14,1523.0,1524.0,00:20:00,00:05:02,2.29,15.23,10.23,2011-01-22 12:42:58,2011-01-22 13:08:00,757,11.576461,48.137836,11.572398,48.137632,2.01
279,0,15,0.0,0.0,,00:10:17,0.00,0.00,0.00,2011-01-22 13:08:01,2011-01-22 13:18:18,364,11.572398,48.137632,11.572398,48.137632,0.00
279,0,16,74.0,74.0,00:01:22,00:00:10,1.46,0.00,0.00,2011-01-22 13:18:19,2011-01-22 13:19:51,51,11.572317,48.137612,11.572971,48.137783,1.45
279,0,17,0.0,0.0,,00:00:13,0.00,0.00,0.00,2011-01-22 13:19:52,2011-01-22 13:20:05,9,11.572971,48.137783,11.572971,48.137783,0.00
27,0,0,53.0,53.0,00:00:07,,0.00,0.00,0.00,2011-07-04 16:51:24,2011-07-04 16:51:31,8,11.555901,48.141399,11.555857,48.140923,6.62
27,0,1,1151.0,1151.0,00:03:37,00:00:28,11.41,10.99,14.99,2011-07-04 16:51:36,2011-07-04 16:55:41,234,11.555787,48.139713,11.545056,48.140888,4.92
27,0,2,37.0,37.0,00:00:01,,0.00,0.00,0.00,2011-07-05 06:24:04,2011-07-05 06:24:05,2,11.540607,48.139725,11.540445,48.139412,18.40
27,0,3,457.0,457.0,00:00:35,,17.83,4.84,5.84,2011-07-05 06:24:07,2011-07-05 06:24:42,36,11.540163,48.139717,11.535222,48.139954,12.70
27,0,4,1625.0,1626.0,00:02:13,00:00:08,17.55,5.39,14.39,2011-07-05 06:24:47,2011-07-05 06:27:08,136,11.535198,48.139961,11.537204,48.152626,11.95
27,0,5,4540.0,4543.0,00:06:33,,18.24,37.32,52.32,2011-07-05 06:29:51,2011-07-05 06:36:24,394,11.53723,48.154865,11.570421,48.177399,11.52
27,0,6,11096.0,11097.0,00:10:38,00:01:29,30.89,38.25,58.25,2011-07-05 06:38:53,2011-07-05 06:51:00,676,11.584039,48.177322,11.642952,48.24802,16.41
27,1,0,7029.0,7042.0,01:35:17,00:52:32,1.67,108.32,107.32,2013-07-12 13:45:44,2013-07-12 16:13:33,838,11.547038,48.170992,11.581592,48.151829,8.39
27,2,0,7029.0,7042.0,01:35:17,00:52:32,1.67,108.32,107.32,2013-07-12 13:45:44,2013-07-12 16:13:33,838,11.547038,48.170992,11.581592,48.151829,8.39
27,3,0,14790.0,14793.0,00:19:21,00:04:34,20.87,47.78,13.78,2012-07-10 17:27:05,2012-07-10 17:51:00,173,11.640386,48.243579,11.559446,48.142738,85.49
27,3,1,12987.0,12990.0,00:19:52,00:05:36,20.33,75.18,14.18,2012-07-11 08:03:35,2012-07-11 08:29:03,221,11.559428,48.142791,11.474041,48.062419,58.77
27,3,2,21325.0,21337.0,00:33:46,00:25:08,16.52,97.40,51.40,2012-07-23 14:59:14,2012-07-23 15:58:08,366,11.641903,48.246589,11.562381,48.138149,58.27
27,3,3,685.0,689.0,00:04:30,00:02:22,8.74,2.58,12.58,2012-07-23 16:16:31,2012-07-23 16:23:23,54,11.562458,48.138548,11.559438,48.142727,12.69
27,4,0,47448.0,47450.0,01:05:10,118:21:15,29.81,112.23,113.23,2013-06-21 16:29:06,2013-06-26 15:55:31,561,11.64247,48.247696,11.642533,48.247513,84.58
27,5,0,23749.0,23750.0,00:29:25,00:13:50,33.16,86.87,14.87,2013-09-11 11:36:43,2013-09-11 12:19:58,246,11.642135,48.24699,11.636805,48.061745,96.54
27,6,0,2113.0,2114.0,,,0.00,8.84,10.84,,,217,11.5935178,48.1780106,11.5847457,48.1850149,9.74
280,0,0,0.0,0.0,,00:01:05,0.00,0.00,0.00,2011-01-22 13:20:07,2011-01-22 13:21:12,39,11.572971,48.137783,11.572971,48.137783,0.00
280,0,1,87.0,87.0,00:01:58,00:00:02,0.90,0.00,0.00,2011-01-22 13:21:13,2011-01-22 13:23:13,64,11.572489,48.13771,11.572929,48.137535,1.37
280,0,2,0.0,0.0,,00:00:44,0.00,0.00,0.00,2011-01-22 13:23:14,2011-01-22 13:23:58,27,11.572929,48.137535,11.572929,48.137535,0.00
280,0,3,1376.0,1378.0,00:17:27,00:01:28,2.29,18.28,20.28,2011-01-22 13:23:59,2011-01-22 13:42:54,570,11.573097,48.137506,11.564962,48.139816,2.41
280,0,4,0.0,0.0,,00:15:39,0.00,0.00,0.00,2011-01-22 13:42:55,2011-01-22 13:58:34,553,11.564962,48.139816,11.564962,48.139816,0.00
280,0,5,8170.0,8172.0,01:12:10,00:25:59,3.59,54.80,50.80,2011-01-22 13:58:35,2011-01-22 15:36:44,2947,11.565009,48.138842,11.564924,48.139018,2.77
280,0,6,0.0,0.0,,00:02:39,0.00,0.00,0.00,2011-01-22 15:36:46,2011-01-22 15:39:25,94,11.564926,48.139023,11.564926,48.139023,0.00
280,0,7,211.0,211.0,00:02:34,00:00:26,2.22,6.00,0.00,2011-01-22 15:39:26,2011-01-22 15:42:26,94,11.565234,48.139923,11.564485,48.140138,2.24
280,0,8,0.0,0.0,,00:04:11,0.00,0.00,0.00,2011-01-22 15:42:27,2011-01-22 15:46:38,149,11.564485,48.140138,11.564485,48.140138,0.00
280,0,9,2310.0,2311.0,00:09:46,00:05:38,8.48,15.55,21.55,2011-01-22 15:46:39,2011-01-22 16:02:03,463,11.564387,48.139796,11.53966,48.140094,4.99
281,0,0,5846.0,5847.0,00:16:36,00:02:09,12.76,28.87,22.87,2011-01-22 16:02:05,2011-01-22 16:20:50,565,11.539244,48.140117,11.468335,48.145759,10.35
281,0,1,0.0,0.0,,00:00:55,0.00,0.00,0.00,2011-01-22 16:20:51,2011-01-22 16:21:46,33,11.468335,48.145759,11.468335,48.145759,0.00
281,0,2,349.0,349.0,00:06:28,00:02:42,1.48,1.08,2.08,2011-01-22 16:21:47,2011-01-22 16:30:57,306,11.468415,48.145794,11.46811,48.145685,1.14
281,0,3,0.0,0.0,,00:00:43,0.00,0.00,0.00,2011-01-22 16:30:59,2011-01-22 16:31:42,26,11.468108,48.145681,11.468108,48.145681,0.00
281,0,4,88.0,88.0,00:01:10,00:00:06,2.35,1.00,0.00,2011-01-22 16:31:43,2011-01-22 16:32:59,45,11.468569,48.145903,11.469264,48.145596,1.96
281,0,5,0.0,0.0,,00:01:03,0.00,0.00,0.00,2011-01-22 16:33:01,2011-01-22 16:34:04,38,11.469282,48.14559,11.469282,48.14559,0.00
281,0,6,0.0,0.0,,00:00:54,0.00,0.00,0.00,2011-01-22 20:27:13,2011-01-22 20:28:07,32,11.469282,48.14559,11.469282,48.14559,0.00
281,1,0,69847.0,69868.0,,,0.00,171.70,185.70,,,835,11.4658787,48.0931799,11.4206475,48.1303095,83.65
281,2,0,12415.0,12415.0,00:11:24,00:01:05,25.67,2.31,36.31,2012-02-15 20:36:38,2012-02-15 20:49:07,77,11.5772968,48.1548908,11.6429817,48.2481818,161.23
281,3,0,13890.0,13893.0,00:18:39,00:02:30,20.88,45.07,15.07,2012-02-15 17:59:24,2012-02-15 18:20:33,126,11.6424972,48.2475752,11.5678394,48.1501281,110.24
281,4,0,0.0,0.0,,00:00:01,0.00,0.00,0.00,2011-10-30 10:08:44,2011-10-30 10:08:45,2,11.601279,48.169965,11.601278,48.169963,0.12
281,4,1,11762.0,11770.0,02:32:51,00:17:46,2.17,92.57,92.57,2011-10-30 10:08:52,2011-10-30 12:59:29,1542,11.601281,48.16997,11.60124,48.169946,7.63
281,4,2,0.0,0.0,,00:00:06,0.00,0.00,0.00,2011-10-30 14:48:10,2011-10-30 14:48:16,3,11.60124,48.169946,11.60124,48.169946,0.00
281,4,3,0.0,0.0,,00:00:06,0.00,0.00,0.00,2011-11-05 08:07:17,2011-11-05 08:07:23,4,11.60124,48.169946,11.60124,48.169946,0.00
281,4,4,0.0,0.0,,00:02:02,0.00,0.00,0.00,2011-11-05 08:08:15,2011-11-05 08:10:17,42,11.60124,48.169946,11.60124,48.169946,0.00
281,4,5,0.0,0.0,,00:03:27,0.00,0.00,0.00,2011-11-05 10:17:59,2011-11-05 10:21:26,50,11.60124,48.169946,11.60124,48.169946,0.00
281,5,0,14245.0,14246.0,00:12:06,00:02:50,26.22,6.23,36.23,2012-02-11 18:47:27,2012-02-11 19:02:23,94,11.5924051,48.1441959,11.641616,48.2454375,151.54
281,6,0,1118.0,1118.0,00:12:51,00:06:50,2.00,9.55,8.55,2012-02-11 11:59:48,2012-02-11 12:19:29,1180,11.4582842,48.0931234,11.4535635,48.0922812,0.95
282,0,0,154520.0,154575.0,,,0.00,386.62,379.62,,,5000,11.4210337,48.1302988,11.65821,48.0770149,30.90
283,0,0,55286.0,55311.0,,,0.00,174.91,172.91,,,2672,11.6582416,48.0770083,11.7188249,48.0843399,20.69
283,1,0,25334.0,25339.0,00:13:34,,36.19,132.23,40.23,2012-01-29 12:56:24,2012-01-29 13:09:58,410,11.6425949,48.2480478,11.7061901,48.0617308,61.79
283,2,0,717.0,717.0,00:07:42,,2.68,3.97,1.97,2012-01-19 14:50:49,2012-01-19 14:58:31,68,11.615663,48.190736,11.612145,48.194452,10.55
283,2,1,824.0,824.0,00:16:47,00:05:16,1.38,1.94,4.94,2012-01-19 15:07:27,2012-01-19 15:29:30,114,11.611942,48.194267,11.616078,48.191031,7.23
283,3,0,717.0,717.0,00:07:42,,2.68,3.97,1.97,2012-01-19 14:50:49,2012-01-19 14:58:31,68,11.615663,48.190736,11.612145,48.194452,10.55
283,3,1,824.0,824.0,00:16:47,00:05:16,1.38,1.94,4.94,2012-01-19 15:07:27,2012-01-19 15:29:30,114,11.611942,48.194267,11.616078,48.191031,7.23
283,4,0,110.0,110.0,00:01:11,00:00:04,0.00,3.00,0.00,2012-01-18 13:23:15,2012-01-18 13:24:30,12,11.611699,48.194363,11.613027,48.194055,9.14
283,4,1,699.0,699.0,00:08:45,00:06:08,3.28,0.42,6.42,2012-01-18 13:24:32,2012-01-18 13:39:25,86,11.613028,48.194055,11.615997,48.190912,8.13
283,5,0,854.0,854.0,00:10:53,00:01:57,3.01,4.36,1.36,2012-01-17 06:32:58,2012-01-17 06:45:48,98,11.615564,48.190999,11.612209,48.194454,8.71
283,5,1,905.0,905.0,00:14:34,00:05:09,1.97,3.71,6.71,2012-01-17 06:51:09,2012-01-17 07:10:52,140,11.61198,48.194444,11.616186,48.190928,6.46
283,5,2,0.0,0.0,,,0.00,0.00,0.00,2012-01-17 11:51:31,2012-01-17 11:51:31,1,11.616257,48.19096,11.616257,48.19096,0.00
283,5,3,0.0,0.0,,00:01:04,0.00,0.00,0.00,2012-01-17 11:51:38,2012-01-17 11:52:42,2,11.616257,48.19096,11.616257,48.19096,0.00
283,5,4,179.0,179.0,00:02:07,,6.84,1.39,0.39,2012-01-17 11:52:59,2012-01-17 11:55:06,21,11.614428,48.190421,11.614198,48.191718,8.51
283,5,5,1270.0,1270.0,00:16:24,00:05:00,1.85,5.94,5.94,2012-01-17 12:24:36,2012-01-17 12:46:00,121,11.581136,48.104616,11.574155,48.101912,10.50
283,5,6,1082.0,1083.0,00:12:06,,2.23,3.92,6.92,2012-01-17 14:54:08,2012-01-17 15:06:14,83,11.573906,48.102151,11.574923,48.108882,13.04
283,6,0,376.0,376.0,00:03:58,,2.51,3.64,2.64,2012-01-16 14:50:52,2012-01-16 14:54:50,50,11.612398,48.191724,11.612141,48.194434,7.52
283,6,1,794.0,794.0,00:16:12,00:05:24,1.50,1.88,4.88,2012-01-16 15:04:55,2012-01-16 15:26:31,112,11.611954,48.194325,11.616183,48.191007,7.09
283,7,0,5677.0,5678.0,00:33:23,00:17:47,9.90,18.52,21.52,2012-01-14 14:46:59,2012-01-14 15:38:09,255,11.547989,48.186214,11.603038,48.178371,22.26
283,7,1,0.0,0.0,,00:07:02,0.00,0.00,0.00,2012-01-14 15:38:14,2012-01-14 15:45:16,2,11.602556,48.178424,11.602556,48.178424,0.00
283,7,2,104.0,104.0,00:01:19,00:00:14,0.00,3.00,0.00,2012-01-14 15:45:17,2012-01-14 15:46:50,12,11.602081,48.178658,11.60303,48.178972,8.64
283,7,3,0.0,0.0,,00:00:07,0.00,0.00,0.00,2012-01-14 15:47:37,2012-01-14 15:47:44,2,11.603002,48.178941,11.603002,48.178941,0.00
283,8,0,8655.0,8656.0,00:34:00,00:04:41,5.67,58.58,31.58,2012-01-13 02:52:01,2012-01-13 03:30:42,218,11.615635,48.190971,11.553964,48.139105,39.70
283,8,1,8595.0,8597.0,00:30:40,00:03:35,7.24,35.85,57.85,2012-01-13 12:30:59,2012-01-13 13:05:14,231,11.554322,48.139416,11.616104,48.191002,37.21
283,9,0,1282.0,1282.0,00:04:32,,15.60,5.24,8.24,2012-01-16 07:18:44,2012-01-16 07:23:16,92,11.5889614,48.1434577,11.5943956,48.1497126,13.94
283,10,0,1022.0,1022.0,00:00:15,,0.00,2.61,2.61,2011-09-30 08:27:42,2011-09-30 08:27:57,16,11.718379,48.149902,11.705447,48.147495,63.89
284,0,0,22287.0,22310.0,03:03:19,00:59:01,7.13,216.65,739.65,2011-09-30 08:27:58,2011-09-30 12:30:18,5000,11.705197,48.147457,11.548902,48.131424,4.46
285,0,0,236.0,236.0,00:03:08,00:00:36,2.81,0.00,0.00,2011-09-30 12:30:20,2011-09-30 12:34:04,101,11.548892,48.13141,11.548814,48.13105,2.33
285,1,0,0.0,0.0,,,0.00,0.00,0.00,2012-01-12 07:08:22,2012-01-12 07:08:22,1,11.614117,48.190551,11.614117,48.190551,0.00
285,1,1,0.0,0.0,,,0.00,0.00,0.00,2012-01-12 07:12:28,2012-01-12 07:12:28,1,11.614668,48.193069,11.614668,48.193069,0.00
285,1,2,762.0,762.0,00:02:34,00:00:46,0.00,1.45,2.45,2012-01-12 07:12:39,2012-01-12 07:15:59,22,11.615346,48.192553,11.615005,48.191355,34.64
285,1,3,0.0,0.0,,00:01:02,0.00,0.00,0.00,2012-01-12 07:19:43,2012-01-12 07:20:45,8,11.615272,48.191252,11.615272,48.191252,0.00
285,1,4,2744.0,2744.0,00:11:49,00:03:49,2.72,5.94,5.94,2012-01-12 07:25:22,2012-01-12 07:41:00,98,11.595233,48.195213,11.612097,48.194388,28.00
285,1,5,26632.0,26633.0,05:12:01,00:04:06,6.46,66.16,69.16,2012-01-12 07:47:28,2012-01-12 13:03:35,398,11.611851,48.194239,11.616106,48.191117,66.91
285,1,6,4202.0,4202.0,00:36:29,00:23:29,4.17,20.75,20.75,2012-01-12 14:54:46,2012-01-12 15:54:44,282,11.615932,48.190994,11.616123,48.191006,14.90
285,2,0,7837.0,7838.0,00:26:45,00:01:14,7.02,16.98,22.98,2011-11-11 13:02:57,2011-11-11 13:30:56,201,11.531724,48.184434,11.615737,48.191032,38.99
285,2,1,378.0,378.0,00:04:42,00:01:35,1.74,2.24,2.24,2011-11-11 15:18:58,2011-11-11 15:25:15,40,11.616134,48.190853,11.617342,48.189134,9.46
285,2,2,0.0,0.0,,,0.00,0.00,0.00,2011-11-11 15:57:14,2011-11-11 15:57:14,1,11.617352,48.189138,11.617352,48.189138,0.00
285,2,3,705.0,705.0,00:10:53,00:01:54,1.75,3.46,4.46,2011-11-11 15:57:15,2011-11-11 16:10:02,52,11.617405,48.189091,11.618514,48.193112,13.56
285,2,4,114.0,115.0,00:00:40,00:04:36,0.00,2.00,0.00,2011-11-11 16:10:32,2011-11-11 16:15:48,11,11.618516,48.193117,11.618657,48.193878,10.40
285,2,5,0.0,0.0,,,0.00,0.00,0.00,2011-11-11 16:16:20,2011-11-11 16:16:20,1,11.618575,48.19392,11.618575,48.19392,0.00
285,2,6,465.0,465.0,00:06:59,00:02:09,1.54,1.73,0.73,2011-11-11 16:17:33,2011-11-11 16:26:41,37,11.618648,48.192953,11.615982,48.190967,12.56
285,3,0,8138.0,8139.0,00:30:50,00:01:54,6.07,53.75,20.75,2012-01-10 02:51:38,2012-01-10 03:24:22,184,11.615653,48.191067,11.555761,48.142036,44.23
285,3,1,580.0,583.0,00:02:10,00:00:11,0.00,0.00,12.00,2012-01-10 03:24:37,2012-01-10 03:26:58,21,11.555993,48.141869,11.554094,48.140152,27.64
285,3,2,9247.0,9249.0,00:33:27,00:06:58,7.84,36.24,59.24,2012-01-10 12:33:48,2012-01-10 13:14:13,266,11.552836,48.139419,11.61833,48.193249,34.76
285,3,3,0.0,0.0,,,0.00,0.00,0.00,2012-01-10 13:14:48,2012-01-10 13:14:48,1,11.618315,48.19328,11.618315,48.19328,0.00
285,3,4,1009.0,1009.0,00:04:31,00:01:13,4.38,2.32,0.32,2012-01-10 13:19:22,2012-01-10 13:25:06,23,11.618571,48.188663,11.61606,48.190927,43.86
285,3,5,1109.0,1109.0,00:07:16,00:00:06,2.68,4.77,2.77,2012-01-10 14:51:31,2012-01-10 14:58:53,66,11.612573,48.187935,11.612082,48.194449,16.80
285,3,6,812.0,812.0,00:11:25,00:04:23,2.10,2.19,5.19,2012-01-10 15:07:01,2012-01-10 15:22:49,89,11.612017,48.194366,11.615737,48.190946,9.13
285,4,0,0.0,0.0,,00:00:01,0.00,0.00,0.00,2012-01-09 02:48:27,2012-01-09 02:48:28,2,11.616805,48.190959,11.616805,48.190959,0.00
285,4,1,8674.0,8675.0,00:28:56,00:01:00,6.93,51.44,26.44,2012-01-09 02:48:29,2012-01-09 03:18:25,198,11.616804,48.190959,11.553642,48.139486,43.81
285,4,2,10525.0,10526.0,00:28:40,00:02:38,7.96,40.55,62.55,2012-01-09 12:31:00,2012-01-09 13:02:18,281,11.55495,48.139586,11.616097,48.190976,37.45
285,4,3,882.0,882.0,00:12:18,00:00:36,1.83,5.53,2.53,2012-01-09 14:41:35,2012-01-09 14:54:29,82,11.615987,48.190885,11.611722,48.194264,10.75
285,4,4,899.0,899.0,00:15:40,00:02:19,1.95,2.72,4.72,2012-01-09 15:07:34,2012-01-09 15:25:33,92,11.611995,48.194404,11.615783,48.190796,9.77
285,5,0,39135.0,39173.0,,,0.00,135.06,156.06,,,2075,11.5459717,48.1526562,11.629624,48.215454,18.86
285,6,0,129.0,129.0,00:01:17,,2.39,0.33,0.33,2012-01-10 07:24:24,2012-01-10 07:25:41,21,11.5954685,48.15041,11.5944761,48.1497287,6.14
285,7,0,753.0,753.0,00:15:59,00:08:06,1.39,2.88,2.88,2012-01-08 10:26:29,2012-01-08 10:50:34,133,11.61601,48.190908,11.616136,48.190977,5.66
285,7,1,1631.0,1631.0,00:30:29,00:10:33,1.65,4.62,3.62,2012-01-08 10:56:24,2012-01-08 11:37:26,212,11.618139,48.190939,11.616067,48.19089,7.69
286,0,0,45836.0,45878.0,,,0.00,236.10,187.10,,,4439,11.62964,48.215432,11.3977736,48.1201869,10.33
286,1,0,22298.0,22301.0,01:31:02,00:17:11,5.94,84.18,84.18,2012-01-06 15:04:24,2012-01-06 16:52:37,561,11.616121,48.190929,11.616093,48.19096,39.75
287,0,0,58187.0,58223.0,,,0.00,122.97,182.97,,,1649,11.3980686,48.1203532,11.4007015,48.2482107,35.29
287,1,0,421.0,421.0,00:02:03,00:00:51,5.76,3.07,0.07,2012-01-05 15:15:59,2012-01-05 15:18:53,35,11.615187,48.190955,11.615512,48.189544,12.04
287,1,1,0.0,0.0,,00:01:40,0.00,0.00,0.00,2012-01-05 15:19:29,2012-01-05 15:21:09,2,11.615766,48.189867,11.615766,48.189867,0.00
287,1,2,1061.0,1061.0,00:20:26,00:03:27,1.71,3.92,4.92,2012-01-05 15:23:09,2012-01-05 15:47:02,158,11.615861,48.190482,11.616148,48.19096,6.72
287,2,0,200.0,200.0,00:01:21,00:00:02,0.00,1.00,0.00,2012-01-04 09:27:29,2012-01-04 09:28:52,10,11.615143,48.191617,11.615995,48.190398,19.97
287,2,1,3441.0,3442.0,00:49:24,00:40:59,1.95,22.62,20.62,2012-01-04 09:28:57,2012-01-04 10:59:20,450,11.615984,48.190356,11.608505,48.183208,7.65
287,2,2,0.0,0.0,,00:00:03,0.00,0.00,0.00,2012-01-04 10:59:29,2012-01-04 10:59:32,3,11.608402,48.183337,11.608402,48.183337,0.00
287,2,3,1076.0,1076.0,00:19:47,00:02:25,1.74,4.78,7.78,2012-01-04 10:59:41,2012-01-04 11:21:53,146,11.60832,48.183791,11.616049,48.190953,7.37
287,2,4,46.0,46.0,00:01:05,,0.00,0.00,0.00,2012-01-04 11:28:28,2012-01-04 11:29:33,5,11.616345,48.190891,11.615912,48.19099,9.25
287,2,5,0.0,0.0,,00:00:10,0.00,0.00,0.00,2012-01-04 11:30:04,2012-01-04 11:30:14,2,11.615912,48.19099,11.615912,48.19099,0.00
287,2,6,4320.0,4321.0,00:07:57,00:01:58,16.14,22.47,10.47,2012-01-04 17:01:18,2012-01-04 17:11:13,93,11.615718,48.190859,11.638684,48.175006,46.45
287,2,7,0.0,0.0,,00:01:29,0.00,0.00,0.00,2012-01-04 17:11:45,2012-01-04 17:13:14,4,11.638249,48.175253,11.638249,48.175253,0.00
287,2,8,11.0,11.0,00:00:13,,0.00,0.00,0.00,2012-01-04 17:13:31,2012-01-04 17:13:44,2,11.638063,48.175608,11.638087,48.175508,5.63
287,2,9,2341.0,2342.0,00:03:10,00:02:18,16.62,3.93,16.93,2012-01-04 17:40:57,2012-01-04 17:46:25,52,11.630839,48.182247,11.615943,48.190835,45.02
287,2,10,0.0,0.0,,00:01:52,0.00,0.00,0.00,2012-01-04 17:46:43,2012-01-04 17:48:35,9,11.616224,48.190909,11.616224,48.190909,0.00
287,2,11,4370.0,4371.0,00:07:20,00:01:15,17.28,22.11,12.11,2012-01-04 17:48:55,2012-01-04 17:57:30,80,11.616274,48.190828,11.638236,48.175376,54.63
287,2,12,0.0,0.0,,,0.00,0.00,0.00,2012-01-04 17:58:01,2012-01-04 17:58:01,1,11.638236,48.175376,11.638236,48.175376,0.00
287,2,13,44.0,44.0,00:00:13,,0.00,5.00,0.00,2012-01-04 17:58:06,2012-01-04 17:58:19,2,11.637931,48.17521,11.638074,48.174826,21.98
287,2,14,3342.0,3344.0,00:05:23,00:03:37,20.92,7.86,23.86,2012-01-04 20:04:54,2012-01-04 20:13:54,90,11.643848,48.176323,11.615939,48.190854,37.14
287,3,0,317.0,317.0,00:03:23,,8.31,1.33,1.33,2012-01-04 11:06:57,2012-01-04 11:10:20,41,11.5945941,48.1480818,11.5946316,48.1495893,7.72
287,4,0,317.0,317.0,00:03:23,,8.31,1.33,1.33,2012-01-04 11:06:57,2012-01-04 11:10:20,41,11.5945941,48.1480818,11.5946316,48.1495893,7.72
287,5,0,1671.0,1671.0,00:06:26,00:00:22,14.28,3.60,13.60,2012-01-04 07:46:12,2012-01-04 07:53:00,167,11.5886288,48.1395256,11.5943688,48.1497555,10.00
287,6,0,10383.0,10384.0,00:48:46,00:10:41,4.95,76.60,36.60,2012-01-03 12:19:14,2012-01-03 13:18:41,299,11.616192,48.190874,11.610681,48.119255,34.72
287,6,1,671.0,671.0,00:14:10,00:13:12,1.29,0.75,1.75,2012-01-03 13:52:54,2012-01-03 14:20:16,108,11.610538,48.120067,11.610635,48.11924,6.21
287,6,2,10.0,10.0,00:00:17,00:00:55,0.00,0.00,0.00,2012-01-03 14:22:51,2012-01-03 14:24:03,5,11.61066,48.119321,11.610621,48.119242,2.06
287,6,3,1884.0,1885.0,00:08:34,00:01:37,5.84,1.48,10.48,2012-01-03 18:20:52,2012-01-03 18:31:03,71,11.610754,48.119915,11.616023,48.133582,26.54
287,6,4,0.0,0.0,,,0.00,0.00,0.00,2012-01-03 18:31:35,2012-01-03 18:31:35,1,11.616047,48.133625,11.616047,48.133625,0.00
287,6,5,7833.0,7834.0,00:28:28,00:08:21,6.90,22.97,56.97,2012-01-03 18:31:37,2012-01-03 19:08:26,246,11.615324,48.135022,11.616106,48.190944,31.84
287,7,0,1274.0,1274.0,00:05:39,,10.59,4.36,9.36,2012-01-03 07:46:40,2012-01-03 07:52:19,104,11.5888059,48.1427657,11.5944492,48.1497663,12.25
287,8,0,13510.0,13516.0,00:11:57,00:07:11,29.85,134.38,87.38,2012-01-02 16:06:28,2012-01-02 16:25:36,652,11.5559649,48.1416499,11.5636414,48.0618488,20.72
287,9,0,1368.0,1369.0,00:06:45,,9.66,3.79,12.79,2012-01-02 07:49:42,2012-01-02 07:56:27,90,11.5885055,48.1422936,11.5944385,48.1497287,15.20
287,10,0,198.0,198.0,00:02:10,00:01:29,2.35,3.00,0.00,2011-12-30 12:29:53,2011-12-30 12:33:32,108,11.407276,48.180328,11.405643,48.179657,1.83
287,10,1,489.0,490.0,00:05:38,00:02:48,2.06,2.16,5.16,2011-12-30 12:33:33,2011-12-30 12:41:59,254,11.40564,48.179656,11.40746,48.180415,1.93
287,11,0,177.0,177.0,00:01:41,,0.00,2.50,0.50,2011-12-29 15:37:15,2011-12-29 15:38:56,20,11.5941166,48.1484681,11.5930062,48.1472504,8.83
288,0,0,547.0,547.0,00:05:01,,3.13,2.12,2.12,2011-12-29 15:39:00,2011-12-29 15:44:01,54,11.5929901,48.147186,11.5891438,48.1434416,10.13
288,1,0,38384.0,38401.0,,,0.00,296.01,290.01,,,1159,11.592984,48.160974,11.5893899,48.1622789,33.12
288,2,0,26610.0,26614.0,00:34:13,00:04:32,29.80,183.04,108.04,2011-12-27 15:41:28,2011-12-27 16:20:13,1411,11.5973299,48.1498146,11.4732724,48.0617791,18.86
288,3,0,13962.0,13962.0,00:09:26,,41.96,36.66,54.66,2011-12-26 16:12:14,2011-12-26 16:21:40,562,11.510128,48.162283,11.360863,48.226222,24.84
288,4,0,12459.0,12461.0,00:16:59,00:03:12,28.98,81.90,54.90,2011-12-22 09:49:40,2011-12-22 10:09:51,1126,11.4696541,48.1540506,11.3608812,48.1141196,11.06
288,5,0,25388.0,25393.0,00:13:04,,36.25,36.60,127.60,2011-12-25 15:41:46,2011-12-25 15:54:50,387,11.7068231,48.0617737,11.6430777,48.2481712,65.60
288,6,0,4010.0,4011.0,00:11:11,00:03:41,17.09,37.15,20.15,2011-12-22 17:13:03,2011-12-22 17:27:55,301,11.5480041,48.1399869,11.5170836,48.1185561,13.32
289,0,0,7752.0,7752.0,00:08:37,00:01:34,26.59,53.90,14.90,2011-12-22 17:27:57,2011-12-22 17:38:08,426,11.5170031,48.1184595,11.4735138,48.0619829,18.20
289,1,0,11775.0,11776.0,00:19:50,00:05:15,25.23,89.93,33.93,2011-12-22 17:13:03,2011-12-22 17:38:08,727,11.5480041,48.1399869,11.4735138,48.0619829,16.20
289,2,0,4048.0,4048.0,00:02:37,,27.74,22.61,9.61,2011-12-21 19:39:00,2011-12-21 19:41:37,146,11.6148394,48.0944001,11.6368067,48.061704,27.72
289,3,0,0.0,0.0,,00:00:02,0.00,0.00,0.00,2011-12-18 15:55:00,2011-12-18 15:55:02,3,11.615412,48.191227,11.615416,48.191225,0.12
289,3,1,6013.0,6014.0,00:08:18,00:00:47,17.51,30.48,5.48,2011-12-18 15:55:03,2011-12-18 16:04:08,74,11.615417,48.191224,11.616302,48.149231,81.26
289,3,2,0.0,0.0,,00:01:39,0.00,0.00,0.00,2011-12-18 16:04:38,2011-12-18 16:06:17,9,11.616283,48.149389,11.616283,48.149389,0.00
289,3,3,6704.0,6705.0,00:09:04,00:00:40,21.56,14.95,16.95,2011-12-18 16:06:19,2011-12-18 16:16:03,79,11.621345,48.13748,11.673883,48.125847,84.87
289,3,4,0.0,0.0,,,0.00,0.00,0.00,2011-12-18 17:53:04,2011-12-18 17:53:04,1,11.673875,48.125841,11.673875,48.125841,0.00
289,3,5,8022.0,8022.0,00:09:06,00:01:21,26.00,23.37,13.37,2011-12-18 17:53:08,2011-12-18 18:03:35,85,11.674069,48.125761,11.619032,48.137471,94.37
289,3,6,0.0,0.0,,00:01:25,0.00,0.00,0.00,2011-12-18 18:04:07,2011-12-18 18:05:32,4,11.618843,48.137497,11.618843,48.137497,0.00
289,3,7,5907.0,5907.0,00:08:04,00:01:59,17.84,5.11,32.11,2011-12-18 18:05:34,2011-12-18 18:15:37,70,11.616308,48.150139,11.615921,48.190979,84.38
289,4,0,46453.0,46472.0,,,0.00,226.41,245.41,,,3376,11.526102,48.091675,11.6322714,48.2148835,13.76
28,0,0,115825.0,115890.0,,,0.00,399.50,376.50,,,4301,11.5847561,48.1850869,11.4131627,48.1586701,26.93
28,1,0,25222.0,25223.0,00:12:40,,41.44,101.30,10.30,2013-12-14 09:02:09,2013-12-14 09:14:49,85,11.64266,48.248001,11.707497,48.062214,296.73
28,2,0,24986.0,24987.0,00:14:15,,48.44,11.27,95.27,2013-12-21 12:02:54,2013-12-21 12:17:09,64,11.708843,48.062794,11.642794,48.247921,390.41
28,3,0,23846.0,23847.0,00:29:41,,29.86,91.85,20.85,2014-02-08 11:32:19,2014-02-08 12:02:00,256,11.642754,48.248066,11.636878,48.061802,93.15
28,4,0,27710.0,27710.0,00:33:00,00:03:40,28.62,23.49,122.49,2014-02-15 09:48:13,2014-02-15 10:24:53,294,11.47452,48.062305,11.642605,48.247494,94.25
290,0,0,181694.0,181767.0,,,0.00,559.82,541.82,,,4144,11.632285,48.2149362,11.485232,48.094997,43.84
290,1,0,15540.0,15542.0,00:57:23,01:08:53,7.97,103.85,61.85,2011-08-10 06:26:45,2011-08-10 08:33:01,668,11.5574026,48.2481336,11.599245,48.138796,23.26
290,2,0,9935.0,9937.0,00:17:50,00:02:54,15.94,53.57,26.57,2011-12-02 03:03:15,2011-12-02 03:23:59,182,11.616151,48.191233,11.551367,48.139916,54.59
290,2,1,0.0,0.0,,00:00:51,0.00,0.00,0.00,2011-12-02 03:24:11,2011-12-02 03:25:02,6,11.551236,48.139753,11.551236,48.139753,0.00
291,0,0,34702.0,34719.0,,,0.00,133.49,170.49,,,1734,11.485686,48.095173,11.564538,48.137215,20.01
291,1,0,0.0,0.0,,,0.00,0.00,0.00,2011-12-02 21:06:36,2011-12-02 21:06:36,1,11.5363419,48.1179606,11.5363419,48.1179606,0.00
291,2,0,1843.0,1844.0,00:18:56,00:02:30,5.67,21.08,8.08,2011-12-02 19:49:16,2011-12-02 20:10:42,165,11.5474945,48.1249076,11.5363419,48.1179124,11.17
291,3,0,5666.0,5669.0,00:03:12,,37.74,42.06,57.06,2011-12-02 07:46:39,2011-12-02 07:49:51,182,11.5636521,48.0616182,11.5325546,48.0941212,31.13
291,4,0,828.0,828.0,00:07:33,00:03:48,3.24,4.11,1.11,2011-11-03 07:26:40,2011-11-03 07:38:01,69,11.615862,48.190966,11.611912,48.194404,11.99
291,4,1,0.0,0.0,,00:00:01,0.00,0.00,0.00,2011-11-03 07:40:48,2011-11-03 07:40:49,2,11.611985,48.194502,11.611985,48.194502,0.00
291,4,2,207.0,207.0,00:01:49,,0.00,0.00,2.00,2011-11-03 07:41:16,2011-11-03 07:43:05,9,11.611309,48.195988,11.611792,48.194669,23.04
291,4,3,0.0,0.0,,,0.00,0.00,0.00,2011-11-03 07:45:54,2011-11-03 07:45:54,1,11.611947,48.194629,11.611947,48.194629,0.00
291,4,4,29737.0,29741.0,02:10:30,00:16:16,5.45,143.43,108.43,2011-11-03 07:45:55,2011-11-03 10:12:41,875,11.611492,48.194535,11.603455,48.128799,33.99
291,5,0,0.0,0.0,00:00:01,,0.00,0.00,0.00,2011-11-04 02:54:08,2011-11-04 02:54:09,2,11.616129,48.190858,11.616124,48.190857,0.19
291,5,1,8737.0,8738.0,00:29:16,00:01:45,6.86,53.65,30.65,2011-11-04 02:54:10,2011-11-04 03:25:11,232,11.61612,48.190863,11.553428,48.139748,37.66
291,5,2,5190.0,5191.0,00:19:38,00:05:07,7.03,41.31,26.31,2011-11-04 12:29:17,2011-11-04 12:54:02,180,11.553965,48.139515,11.60429,48.130465,28.83
291,5,3,0.0,0.0,,,0.00,0.00,0.00,2011-11-04 12:54:32,2011-11-04 12:54:32,1,11.604285,48.130461,11.604285,48.130461,0.00
291,5,4,0.0,0.0,,,0.00,0.00,0.00,2011-11-04 12:55:00,2011-11-04 12:55:00,1,11.604166,48.130321,11.604166,48.130321,0.00
291,5,5,0.0,0.0,,,0.00,0.00,0.00,2011-11-04 12:56:00,2011-11-04 12:56:00,1,11.604178,48.130429,11.604178,48.130429,0.00
291,5,6,0.0,0.0,,,0.00,0.00,0.00,2011-11-04 12:56:34,2011-11-04 12:56:34,1,11.604217,48.130591,11.604217,48.130591,0.00
291,5,7,0.0,0.0,,,0.00,0.00,0.00,2011-11-04 12:57:21,2011-11-04 12:57:21,1,11.604249,48.130606,11.604249,48.130606,0.00
291,5,8,9732.0,9734.0,00:30:25,00:01:47,7.37,39.20,75.20,2011-11-04 12:57:54,2011-11-04 13:30:06,259,11.603994,48.13042,11.615969,48.190896,37.58
291,5,9,9163.0,9165.0,00:34:55,00:05:46,5.74,27.54,66.54,2011-11-04 15:08:54,2011-11-04 15:49:35,286,11.605642,48.12858,11.624856,48.190477,32.04
291,5,10,790.0,790.0,00:05:28,00:01:12,6.55,3.46,2.46,2011-11-04 16:15:08,2011-11-04 16:21:48,41,11.624933,48.190341,11.61927,48.192825,19.27
291,5,11,0.0,0.0,,00:00:04,0.00,0.00,0.00,2011-11-04 16:22:01,2011-11-04 16:22:05,3,11.619106,48.192936,11.619106,48.192936,0.00
291,5,12,614.0,614.0,00:04:17,00:02:33,3.66,1.51,2.51,2011-11-04 16:24:09,2011-11-04 16:30:59,34,11.618348,48.193645,11.616043,48.190986,18.06
291,6,0,8950.0,8951.0,00:29:03,00:01:52,7.51,28.89,45.89,2011-11-05 12:30:08,2011-11-05 13:01:03,197,11.553967,48.139489,11.602243,48.178453,45.43
291,6,1,1870.0,1870.0,00:08:03,00:00:24,8.27,4.30,10.30,2011-11-05 13:07:09,2011-11-05 13:15:36,62,11.602231,48.17869,11.615866,48.190863,30.16
291,7,0,8321.0,8322.0,00:30:17,00:01:10,6.81,59.84,27.84,2011-11-06 02:58:12,2011-11-06 03:29:39,241,11.615725,48.190898,11.555053,48.14288,34.53
291,7,1,634.0,636.0,00:02:30,,6.42,0.00,10.00,2011-11-06 03:29:49,2011-11-06 03:32:19,28,11.555838,48.141973,11.55358,48.139236,22.64
291,7,2,11593.0,11595.0,00:47:08,01:35:49,6.73,32.77,55.77,2011-11-06 12:32:36,2011-11-06 14:55:33,292,11.554101,48.139438,11.617329,48.189158,39.70
291,7,3,406.0,406.0,00:04:09,00:01:02,3.41,2.07,2.07,2011-11-06 15:51:36,2011-11-06 15:56:47,31,11.61723,48.189199,11.616098,48.190919,13.11
291,8,0,0.0,0.0,,00:00:01,0.00,0.00,0.00,2011-11-07 02:52:49,2011-11-07 02:52:50,2,11.615187,48.190692,11.615187,48.190692,0.00
291,8,1,2607.0,2607.0,00:08:34,,6.82,15.07,3.07,2011-11-07 02:53:25,2011-11-07 03:01:59,67,11.61531,48.1916,11.596599,48.172862,38.90
292,0,0,6214.0,6215.0,00:22:17,00:00:01,6.93,37.42,28.42,2011-11-07 03:02:15,2011-11-07 03:24:33,168,11.596034,48.172147,11.553739,48.139666,36.99
292,0,1,0.0,0.0,,00:00:09,0.00,0.00,0.00,2011-11-07 03:27:16,2011-11-07 03:27:25,2,11.553715,48.139648,11.553715,48.139648,0.00
292,0,2,335.0,335.0,00:01:41,00:00:49,0.00,1.61,2.61,2011-11-07 12:31:20,2011-11-07 12:33:50,19,11.553967,48.139584,11.555527,48.140164,17.65
292,0,3,10765.0,10769.0,00:34:53,00:05:43,6.83,44.77,69.77,2011-11-07 12:34:16,2011-11-07 13:14:52,338,11.55575,48.139927,11.616031,48.190938,31.85
292,1,0,0.0,0.0,00:00:01,00:00:01,0.00,0.00,0.00,2011-11-08 07:15:00,2011-11-08 07:15:02,3,11.615391,48.191354,11.615391,48.191358,0.16
292,1,1,834.0,834.0,00:07:53,00:04:01,3.37,3.95,0.95,2011-11-08 07:15:03,2011-11-08 07:26:57,68,11.615389,48.191359,11.611912,48.194499,12.26
292,1,2,0.0,0.0,,00:00:01,0.00,0.00,0.00,2011-11-08 07:35:36,2011-11-08 07:35:37,2,11.611916,48.194538,11.611916,48.194538,0.00
292,1,3,12697.0,12698.0,00:42:21,00:00:43,6.60,30.69,45.69,2011-11-08 07:35:43,2011-11-08 08:18:47,271,11.612141,48.194138,11.722574,48.23616,46.85
292,1,4,631.0,631.0,00:07:59,00:00:44,1.90,4.36,2.36,2011-11-08 10:26:06,2011-11-08 10:34:49,55,11.605098,48.128868,11.604041,48.128759,11.47
292,1,5,302.0,302.0,00:03:50,00:00:50,2.39,0.57,1.57,2011-11-08 11:15:19,2011-11-08 11:19:59,37,11.613989,48.191452,11.616008,48.190856,8.16
292,1,6,0.0,0.0,,,0.00,0.00,0.00,2011-11-08 14:55:28,2011-11-08 14:55:28,1,11.616006,48.190857,11.616006,48.190857,0.00
292,1,7,1880.0,1880.0,00:15:43,00:07:17,5.14,5.78,4.78,2011-11-08 14:55:35,2011-11-08 15:18:35,143,11.616008,48.190936,11.614146,48.191636,13.15
292,2,0,1.0,1.0,00:00:01,00:00:01,0.00,0.00,0.00,2011-11-09 02:59:26,2011-11-09 02:59:28,3,11.616039,48.190627,11.616031,48.190623,0.25
292,2,1,8201.0,8203.0,00:27:34,00:01:14,6.76,60.18,35.18,2011-11-09 02:59:30,2011-11-09 03:28:18,268,11.616027,48.190622,11.556022,48.141485,30.60
292,2,2,0.0,0.0,,,0.00,0.00,0.00,2011-11-09 03:28:49,2011-11-09 03:28:49,1,11.556022,48.141485,11.556022,48.141485,0.00
292,2,3,300.0,300.0,00:01:25,00:00:12,0.00,0.01,2.01,2011-11-09 03:28:51,2011-11-09 03:30:28,11,11.554975,48.138849,11.553427,48.139505,27.23
292,2,4,10031.0,10032.0,00:32:33,00:01:53,6.87,35.97,58.97,2011-11-09 12:34:08,2011-11-09 13:08:34,320,11.553758,48.139522,11.615796,48.191047,31.35
292,2,5,777.0,777.0,00:04:11,00:00:01,6.99,3.11,1.11,2011-11-09 14:51:47,2011-11-09 14:55:59,32,11.615901,48.190714,11.611995,48.194362,24.29
292,2,6,0.0,0.0,,00:00:01,0.00,0.00,0.00,2011-11-09 15:04:10,2011-11-09 15:04:11,2,11.612014,48.194365,11.612014,48.194365,0.00
292,2,7,1044.0,1044.0,00:12:31,00:04:02,2.97,2.50,5.50,2011-11-09 15:04:21,2011-11-09 15:20:54,78,11.611591,48.194518,11.616289,48.191,13.39
292,2,8,0.0,0.0,,00:00:18,0.00,0.00,0.00,2011-11-09 15:21:15,2011-11-09 15:21:33,4,11.61625,48.191003,11.61625,48.191003,0.00
292,3,0,0.0,0.0,,00:00:02,0.00,0.00,0.00,2011-11-10 02:52:35,2011-11-10 02:52:37,2,11.618713,48.189973,11.618713,48.189973,0.00
292,3,1,8920.0,8922.0,00:30:36,00:01:24,6.63,66.37,39.37,2011-11-10 02:52:38,2011-11-10 03:24:38,264,11.615824,48.190884,11.553602,48.138825,33.79
292,3,2,10342.0,10346.0,00:51:33,00:19:09,6.02,85.90,40.90,2011-11-10 12:33:05,2011-11-10 13:43:47,382,11.554008,48.139426,11.527246,48.080786,27.07
292,4,0,7837.0,7838.0,00:26:45,00:01:14,7.02,16.98,22.98,2011-11-11 13:02:57,2011-11-11 13:30:56,201,11.531724,48.184434,11.615737,48.191032,38.99
292,4,1,378.0,378.0,00:04:42,00:01:35,1.74,2.24,2.24,2011-11-11 15:18:58,2011-11-11 15:25:15,40,11.616134,48.190853,11.617342,48.189134,9.46
292,4,2,0.0,0.0,,,0.00,0.00,0.00,2011-11-11 15:57:14,2011-11-11 15:57:14,1,11.617352,48.189138,11.617352,48.189138,0.00
292,4,3,705.0,705.0,00:10:53,00:01:54,1.75,3.46,4.46,2011-11-11 15:57:15,2011-11-11 16:10:02,52,11.617405,48.189091,11.618514,48.193112,13.56
292,4,4,114.0,115.0,00:00:40,00:04:36,0.00,2.00,0.00,2011-11-11 16:10:32,2011-11-11 16:15:48,11,11.618516,48.193117,11.618657,48.193878,10.40
292,4,5,0.0,0.0,,,0.00,0.00,0.00,2011-11-11 16:16:20,2011-11-11 16:16:20,1,11.618575,48.19392,11.618575,48.19392,0.00
292,4,6,465.0,465.0,00:06:59,00:02:09,1.54,1.73,0.73,2011-11-11 16:17:33,2011-11-11 16:26:41,37,11.618648,48.192953,11.615982,48.190967,12.56
292,5,0,5536.0,5537.0,00:38:58,01:48:14,4.36,34.04,34.04,2011-11-12 14:05:39,2011-11-12 16:32:51,383,11.616077,48.19096,11.615925,48.190969,14.46
292,6,0,59954.0,59961.0,03:46:05,00:11:12,6.71,225.36,223.36,2011-11-14 08:02:19,2011-11-14 11:59:36,1132,11.617762,48.189881,11.616147,48.190961,52.96
292,6,1,23.0,23.0,00:00:21,00:01:01,0.00,0.00,0.00,2011-11-14 14:53:22,2011-11-14 14:54:44,6,11.616297,48.191018,11.616117,48.191092,3.85
292,6,2,0.0,0.0,,00:00:03,0.00,0.00,0.00,2011-11-14 14:55:15,2011-11-14 14:55:18,2,11.616117,48.191092,11.616117,48.191092,0.00
292,6,3,992.0,992.0,00:04:19,00:01:06,6.06,7.10,1.10,2011-11-14 14:55:27,2011-11-14 15:00:52,39,11.616633,48.19097,11.612149,48.194056,25.44
292,6,4,0.0,0.0,,00:00:04,0.00,0.00,0.00,2011-11-14 15:01:16,2011-11-14 15:01:20,3,11.612093,48.194219,11.612093,48.194219,0.00
292,6,5,103.0,103.0,00:00:55,,0.00,0.00,3.00,2011-11-14 15:03:11,2011-11-14 15:04:06,6,11.6123,48.194163,11.611397,48.194653,17.15
292,6,6,0.0,0.0,,,0.00,0.00,0.00,2011-11-14 15:04:41,2011-11-14 15:04:41,1,11.61132,48.19465,11.61132,48.19465,0.00
292,6,7,254.0,254.0,00:05:00,00:03:29,0.00,0.00,0.00,2011-11-14 15:05:10,2011-11-14 15:13:39,26,11.611229,48.19458,11.611881,48.194433,9.76
292,6,8,0.0,0.0,,,0.00,0.00,0.00,2011-11-14 15:14:13,2011-11-14 15:14:13,1,11.611937,48.194423,11.611937,48.194423,0.00
292,6,9,2733.0,2733.0,00:18:53,00:43:36,4.91,4.26,7.26,2011-11-14 15:14:15,2011-11-14 16:16:44,160,11.610938,48.194638,11.615788,48.190945,17.08
292,6,10,0.0,0.0,,,0.00,0.00,0.00,2011-11-14 16:17:53,2011-11-14 16:17:53,1,11.615816,48.190957,11.615816,48.190957,0.00
292,6,11,220.0,220.0,00:02:14,00:00:01,0.00,2.00,0.00,2011-11-14 16:18:03,2011-11-14 16:20:18,7,11.617653,48.189871,11.616015,48.19112,31.48
292,6,12,0.0,0.0,,,0.00,0.00,0.00,2011-11-14 16:20:28,2011-11-14 16:20:28,1,11.616019,48.19112,11.616019,48.19112,0.00
292,6,13,0.0,0.0,,,0.00,0.00,0.00,2011-11-14 16:20:37,2011-11-14 16:20:37,1,11.616156,48.190994,11.616156,48.190994,0.00
292,7,0,8156.0,8157.0,00:28:31,00:00:37,6.34,55.72,22.72,2011-11-15 02:47:45,2011-11-15 03:16:53,176,11.61584,48.190899,11.556069,48.141668,46.34
292,7,1,529.0,532.0,00:01:52,00:00:25,0.00,0.00,10.00,2011-11-15 03:17:23,2011-11-15 03:19:40,20,11.556069,48.141668,11.5538,48.139392,26.46
292,7,2,7661.0,7663.0,00:31:26,00:01:25,6.13,47.13,52.13,2011-11-15 12:32:09,2011-11-15 13:05:00,218,11.554014,48.139764,11.58693,48.130845,35.14
293,0,0,8554.0,8556.0,00:28:44,00:01:45,6.45,46.89,64.89,2011-11-15 13:05:02,2011-11-15 13:35:31,269,11.587025,48.130914,11.616158,48.191039,31.80
293,0,1,24.0,24.0,00:00:43,00:00:01,0.00,0.00,0.00,2011-11-15 14:49:14,2011-11-15 14:49:58,4,11.616514,48.190864,11.616249,48.190963,5.98
293,0,2,0.0,0.0,,00:00:01,0.00,0.00,0.00,2011-11-15 14:50:29,2011-11-15 14:50:30,2,11.616244,48.190961,11.616244,48.190961,0.00
293,0,3,914.0,914.0,00:04:58,00:04:07,6.13,3.90,0.90,2011-11-15 14:50:35,2011-11-15 14:59:40,47,11.61594,48.190988,11.612126,48.19436,19.44
293,0,4,0.0,0.0,,,0.00,0.00,0.00,2011-11-15 14:59:57,2011-11-15 14:59:57,1,11.612102,48.194437,11.612102,48.194437,0.00
293,0,5,177.0,177.0,00:02:52,,0.00,0.00,0.00,2011-11-15 15:00:12,2011-11-15 15:03:04,10,11.612456,48.194913,11.612216,48.194514,17.73
293,0,6,0.0,0.0,,,0.00,0.00,0.00,2011-11-15 15:03:30,2011-11-15 15:03:30,1,11.612077,48.194558,11.612077,48.194558,0.00
293,0,7,371.0,371.0,00:06:14,00:01:18,1.81,0.08,0.08,2011-11-15 15:04:51,2011-11-15 15:12:23,29,11.611685,48.194435,11.612143,48.194646,12.79
293,0,8,0.0,0.0,,,0.00,0.00,0.00,2011-11-15 15:12:56,2011-11-15 15:12:56,1,11.612208,48.19462,11.612208,48.19462,0.00
293,0,9,1176.0,1176.0,00:08:37,00:04:00,4.78,1.23,6.23,2011-11-15 15:12:59,2011-11-15 15:25:36,53,11.612198,48.194201,11.616707,48.191001,22.19
293,0,10,0.0,0.0,,00:00:19,0.00,0.00,0.00,2011-11-15 15:26:02,2011-11-15 15:26:21,2,11.616609,48.191004,11.616609,48.191004,0.00
293,1,0,1.0,1.0,00:00:02,,0.00,0.00,0.00,2011-11-16 02:52:52,2011-11-16 02:52:54,2,11.615671,48.190981,11.615662,48.19099,0.60
293,1,1,9157.0,9158.0,00:29:03,00:01:17,6.43,58.37,35.37,2011-11-16 02:52:55,2011-11-16 03:23:15,214,11.615656,48.190992,11.553772,48.139569,42.79
293,1,2,0.0,0.0,,,0.00,0.00,0.00,2011-11-16 03:23:41,2011-11-16 03:23:41,1,11.553828,48.139487,11.553828,48.139487,0.00
293,1,3,8.0,8.0,00:00:04,,0.00,0.00,0.00,2011-11-16 03:23:44,2011-11-16 03:23:48,2,11.553768,48.139426,11.5537,48.139476,3.75
293,1,4,10735.0,10737.0,00:33:17,00:00:14,6.68,52.41,74.41,2011-11-16 12:30:40,2011-11-16 13:04:11,324,11.55465,48.139657,11.615982,48.191096,33.13
293,1,5,795.0,795.0,00:03:39,00:00:15,6.30,3.40,0.40,2011-11-16 14:54:19,2011-11-16 14:58:13,35,11.616006,48.190999,11.612049,48.194334,22.71
293,1,6,0.0,0.0,,00:00:08,0.00,0.00,0.00,2011-11-16 15:15:21,2011-11-16 15:15:29,3,11.611979,48.194303,11.611979,48.194303,0.00
293,1,7,867.0,867.0,00:11:51,00:03:53,1.76,2.15,5.15,2011-11-16 15:15:33,2011-11-16 15:31:17,73,11.611869,48.194374,11.615909,48.190937,11.87
293,2,0,8412.0,8414.0,00:29:00,00:01:58,7.11,70.04,44.04,2011-11-17 02:49:02,2011-11-17 03:20:00,249,11.615841,48.19097,11.556059,48.141401,33.78
293,2,1,489.0,489.0,00:01:43,00:00:03,0.00,1.45,2.45,2011-11-17 03:20:26,2011-11-17 03:22:12,17,11.555973,48.141538,11.554604,48.139034,28.75
293,2,2,25137.0,25142.0,01:22:42,00:06:19,6.94,139.53,161.53,2011-11-17 12:38:49,2011-11-17 14:07:50,677,11.554424,48.13962,11.616215,48.19098,37.13
293,2,3,1146.0,1147.0,00:04:59,00:00:41,6.14,6.82,3.82,2011-11-17 14:55:17,2011-11-17 15:00:57,52,11.615835,48.190973,11.612119,48.194455,22.05
293,2,4,0.0,0.0,,00:00:01,0.00,0.00,0.00,2011-11-17 15:06:14,2011-11-17 15:06:15,2,11.612093,48.194435,11.612093,48.194435,0.00
293,2,5,1472.0,1472.0,00:16:35,00:09:08,1.46,3.19,5.19,2011-11-17 15:08:46,2011-11-17 15:34:29,80,11.611638,48.194541,11.616103,48.190831,18.40
293,2,6,0.0,0.0,,00:00:12,0.00,0.00,0.00,2011-11-17 15:34:40,2011-11-17 15:34:52,2,11.616113,48.19085,11.616113,48.19085,0.00
293,3,0,820.0,820.0,00:08:51,00:02:55,3.55,3.15,1.15,2011-11-18 06:48:18,2011-11-18 07:00:04,80,11.615763,48.190761,11.611822,48.194516,10.25
293,3,1,0.0,0.0,,,0.00,0.00,0.00,2011-11-18 07:00:28,2011-11-18 07:00:28,1,11.611869,48.194468,11.611869,48.194468,0.00
293,3,2,624.0,624.0,00:03:20,,10.68,0.05,6.05,2011-11-18 07:00:44,2011-11-18 07:04:04,23,11.612153,48.196241,11.611584,48.193201,27.13
293,3,3,0.0,0.0,,,0.00,0.00,0.00,2011-11-18 07:04:24,2011-11-18 07:04:24,1,11.612103,48.193974,11.612103,48.193974,0.00
293,3,4,68.0,68.0,00:00:20,,0.00,0.00,0.00,2011-11-18 07:04:42,2011-11-18 07:05:02,3,11.612117,48.194814,11.611641,48.194313,22.51
293,3,5,1117.0,1118.0,00:05:20,00:00:07,5.75,3.23,6.23,2011-11-18 07:05:28,2011-11-18 07:10:55,51,11.611706,48.194441,11.616147,48.190933,21.90
293,3,6,0.0,0.0,,00:00:02,0.00,0.00,0.00,2011-11-18 11:55:50,2011-11-18 11:55:52,2,11.616445,48.190731,11.616445,48.190731,0.00
293,3,7,729.0,729.0,00:02:57,00:00:12,8.96,3.01,0.01,2011-11-18 11:56:04,2011-11-18 11:59:13,27,11.615677,48.190993,11.6119,48.194421,27.00
293,3,8,0.0,0.0,,00:00:01,0.00,0.00,0.00,2011-11-18 12:12:19,2011-11-18 12:12:20,2,11.611923,48.194458,11.611923,48.194458,0.00
293,3,9,1136.0,1137.0,00:11:16,00:01:03,2.92,2.45,10.45,2011-11-18 12:12:32,2011-11-18 12:24:51,79,11.611805,48.194347,11.619692,48.196329,14.38
293,4,0,8963.0,8964.0,00:32:00,00:03:47,6.23,59.98,36.98,2011-11-21 02:52:20,2011-11-21 03:28:07,243,11.615819,48.191052,11.553621,48.139806,36.88
293,4,1,13436.0,13437.0,00:43:30,00:01:31,7.42,40.34,63.34,2011-11-21 12:31:41,2011-11-21 13:16:42,315,11.553982,48.139708,11.61616,48.190921,42.65
293,4,2,2040.0,2040.0,00:09:19,00:05:40,4.99,2.80,5.80,2011-11-21 14:56:00,2011-11-21 15:10:59,73,11.615948,48.190955,11.625104,48.190428,27.94
293,4,3,0.0,0.0,,00:00:01,0.00,0.00,0.00,2011-11-21 16:09:08,2011-11-21 16:09:09,2,11.625102,48.190427,11.625102,48.190427,0.00
293,4,4,858.0,858.0,00:04:47,00:02:46,4.13,3.80,0.80,2011-11-21 16:09:11,2011-11-21 16:16:44,27,11.625351,48.190358,11.616098,48.190949,31.77
293,5,0,9465.0,9466.0,00:32:34,00:01:43,7.32,53.05,30.05,2011-11-22 02:52:05,2011-11-22 03:26:22,289,11.615758,48.191051,11.553768,48.139725,32.75
293,5,1,186.0,187.0,00:00:35,00:00:03,0.00,4.00,0.00,2011-11-22 03:26:41,2011-11-22 03:27:19,7,11.553744,48.139739,11.55383,48.138334,26.62
293,5,2,0.0,0.0,,,0.00,0.00,0.00,2011-11-22 03:27:51,2011-11-22 03:27:51,1,11.553852,48.138349,11.553852,48.138349,0.00
293,5,3,175.0,175.0,00:01:01,00:00:10,0.00,3.00,0.00,2011-11-22 03:28:27,2011-11-22 03:29:38,10,11.554634,48.138685,11.552773,48.138724,17.51
293,5,4,0.0,0.0,,00:00:12,0.00,0.00,0.00,2011-11-22 03:29:53,2011-11-22 03:30:05,2,11.553581,48.138822,11.553581,48.138822,0.00
293,5,5,310.0,310.0,00:04:07,00:00:20,2.64,0.61,4.61,2011-11-22 03:31:30,2011-11-22 03:35:57,37,11.553661,48.138978,11.553516,48.139573,8.38
293,5,6,0.0,0.0,,00:00:05,0.00,0.00,0.00,2011-11-22 03:36:28,2011-11-22 03:36:33,3,11.553516,48.139573,11.553516,48.139573,0.00
293,5,7,35.0,35.0,00:00:24,,0.00,0.00,0.00,2011-11-22 03:39:05,2011-11-22 03:39:29,4,11.553562,48.138682,11.55344,48.138759,8.78
293,5,8,0.0,0.0,,,0.00,0.00,0.00,2011-11-22 03:39:55,2011-11-22 03:39:55,1,11.553514,48.138767,11.553514,48.138767,0.00
293,5,9,756.0,756.0,00:05:57,00:00:17,3.06,0.39,1.39,2011-11-22 03:40:11,2011-11-22 03:46:25,61,11.558068,48.139633,11.553535,48.139758,12.39
293,5,10,0.0,0.0,,,0.00,0.00,0.00,2011-11-22 03:46:57,2011-11-22 03:46:57,1,11.553507,48.139769,11.553507,48.139769,0.00
293,5,11,2528.0,2528.0,00:18:50,00:01:28,4.44,9.94,7.94,2011-11-22 03:48:26,2011-11-22 04:08:44,203,11.553916,48.140307,11.554063,48.139507,12.45
293,5,12,1570.0,1570.0,00:03:31,00:01:08,15.79,13.55,10.55,2011-11-22 04:08:47,2011-11-22 04:13:26,34,11.554077,48.139642,11.55275,48.147238,46.17
293,5,13,0.0,0.0,,,0.00,0.00,0.00,2011-11-22 04:13:47,2011-11-22 04:13:47,1,11.552948,48.146796,11.552948,48.146796,0.00
293,5,14,1611.0,1611.0,00:15:31,00:01:20,3.65,9.62,4.62,2011-11-22 04:15:21,2011-11-22 04:32:12,145,11.553688,48.140385,11.553996,48.141291,11.11
293,5,15,1087.0,1088.0,00:05:14,00:01:22,4.76,2.02,7.02,2011-11-22 04:32:31,2011-11-22 04:39:07,51,11.553768,48.140948,11.553654,48.1405,21.32
293,5,16,0.0,0.0,,,0.00,0.00,0.00,2011-11-22 04:39:36,2011-11-22 04:39:36,1,11.553678,48.14043,11.553678,48.14043,0.00
293,5,17,590.0,590.0,00:05:40,00:00:16,2.76,0.75,4.75,2011-11-22 04:44:19,2011-11-22 04:50:15,52,11.553646,48.138829,11.553457,48.139796,11.35
293,5,18,0.0,0.0,,,0.00,0.00,0.00,2011-11-22 04:50:47,2011-11-22 04:50:47,1,11.553448,48.13981,11.553448,48.13981,0.00
293,5,19,251.0,251.0,00:01:42,00:00:20,0.00,2.39,2.39,2011-11-22 04:51:00,2011-11-22 04:53:02,17,11.553435,48.140057,11.553425,48.140141,14.76
293,5,20,0.0,0.0,,,0.00,0.00,0.00,2011-11-22 04:53:22,2011-11-22 04:53:22,1,11.553477,48.140077,11.553477,48.140077,0.00
293,5,21,1787.0,1787.0,00:24:44,00:03:32,3.18,8.05,6.05,2011-11-22 04:55:15,2011-11-22 05:23:31,188,11.553046,48.140699,11.553458,48.13972,9.50
293,5,22,0.0,0.0,,,0.00,0.00,0.00,2011-11-22 05:23:58,2011-11-22 05:23:58,1,11.553467,48.139714,11.553467,48.139714,0.00
293,5,23,1806.0,1806.0,00:23:09,00:05:55,2.80,3.70,5.70,2011-11-22 05:24:33,2011-11-22 05:53:37,200,11.555257,48.13964,11.554055,48.139731,9.03
293,5,24,0.0,0.0,,,0.00,0.00,0.00,2011-11-22 05:54:12,2011-11-22 05:54:12,1,11.554,48.139729,11.554,48.139729,0.00
293,5,25,257.0,257.0,00:01:58,00:00:18,0.00,0.62,0.62,2011-11-22 05:54:48,2011-11-22 05:57:04,19,11.553663,48.140403,11.553906,48.140466,13.53
293,5,26,0.0,0.0,,,0.00,0.00,0.00,2011-11-22 05:57:35,2011-11-22 05:57:35,1,11.553906,48.140466,11.553906,48.140466,0.00
293,5,27,368.0,369.0,00:02:58,,3.24,1.91,0.91,2011-11-22 05:57:54,2011-11-22 06:00:52,25,11.553279,48.140367,11.55421,48.139212,14.74
293,5,28,0.0,0.0,,,0.00,0.00,0.00,2011-11-22 06:01:07,2011-11-22 06:01:07,1,11.553767,48.139417,11.553767,48.139417,0.00
293,5,29,835.0,835.0,00:07:42,00:00:18,3.83,5.81,4.81,2011-11-22 06:01:14,2011-11-22 06:09:14,81,11.553441,48.140004,11.554496,48.139255,10.30
293,5,30,330.0,331.0,00:01:15,00:00:12,0.00,0.81,0.81,2011-11-22 06:09:45,2011-11-22 06:11:12,17,11.554496,48.139255,11.554324,48.139562,19.44
293,5,31,0.0,0.0,,,0.00,0.00,0.00,2011-11-22 06:11:43,2011-11-22 06:11:43,1,11.554324,48.139562,11.554324,48.139562,0.00
293,5,32,260.0,260.0,00:01:04,,0.00,6.00,0.00,2011-11-22 06:12:04,2011-11-22 06:13:08,12,11.554259,48.139584,11.556085,48.138691,21.68
293,5,33,0.0,0.0,,,0.00,0.00,0.00,2011-11-22 06:13:32,2011-11-22 06:13:32,1,11.555469,48.138973,11.555469,48.138973,0.00
293,5,34,184.0,184.0,00:01:12,,0.00,0.00,2.00,2011-11-22 06:18:25,2011-11-22 06:19:37,12,11.553504,48.139817,11.553581,48.140583,15.36
293,5,35,0.0,0.0,,,0.00,0.00,0.00,2011-11-22 06:19:53,2011-11-22 06:19:53,1,11.553508,48.140277,11.553508,48.140277,0.00
293,5,36,145.0,145.0,00:01:47,00:00:09,0.00,2.03,0.03,2011-11-22 06:23:33,2011-11-22 06:25:29,18,11.553793,48.140179,11.553733,48.139944,8.05
293,5,37,0.0,0.0,,,0.00,0.00,0.00,2011-11-22 06:25:58,2011-11-22 06:25:58,1,11.553735,48.139959,11.553735,48.139959,0.00
293,5,38,72.0,72.0,00:00:55,,0.00,1.02,0.02,2011-11-22 06:26:03,2011-11-22 06:26:58,10,11.553474,48.140216,11.553214,48.13992,7.24
293,5,39,0.0,0.0,,,0.00,0.00,0.00,2011-11-22 06:27:30,2011-11-22 06:27:30,1,11.553195,48.139929,11.553195,48.139929,0.00
293,5,40,391.0,391.0,00:04:22,00:00:22,3.38,1.82,1.82,2011-11-22 06:29:20,2011-11-22 06:34:04,45,11.553737,48.139642,11.553351,48.139892,8.70
293,5,41,0.0,0.0,,,0.00,0.00,0.00,2011-11-22 06:34:28,2011-11-22 06:34:28,1,11.553266,48.139822,11.553266,48.139822,0.00
293,5,42,714.0,716.0,00:03:33,,5.79,14.00,11.00,2011-11-22 06:37:06,2011-11-22 06:40:39,28,11.553526,48.139766,11.554108,48.141048,25.51
293,5,43,0.0,0.0,,,0.00,0.00,0.00,2011-11-22 06:41:09,2011-11-22 06:41:09,1,11.554098,48.141026,11.554098,48.141026,0.00
293,5,44,146.0,146.0,00:01:10,,0.00,1.00,0.00,2011-11-22 06:41:44,2011-11-22 06:42:54,12,11.553466,48.140023,11.55302,48.139188,12.13
293,5,45,0.0,0.0,,,0.00,0.00,0.00,2011-11-22 06:43:20,2011-11-22 06:43:20,1,11.553183,48.139383,11.553183,48.139383,0.00
293,5,46,89.0,89.0,00:00:59,00:00:09,0.00,0.00,2.00,2011-11-22 06:45:46,2011-11-22 06:46:54,12,11.55346,48.139488,11.553653,48.140041,7.43
293,5,47,0.0,0.0,,,0.00,0.00,0.00,2011-11-22 06:47:20,2011-11-22 06:47:20,1,11.553631,48.140019,11.553631,48.140019,0.00
293,5,48,629.0,629.0,00:06:17,00:00:06,3.39,1.64,7.64,2011-11-22 06:52:46,2011-11-22 06:59:09,60,11.553381,48.138914,11.553518,48.140334,10.48
293,5,49,535.0,535.0,00:07:52,00:01:39,2.04,3.60,1.60,2011-11-22 06:59:37,2011-11-22 07:09:08,68,11.55344,48.140404,11.553366,48.13918,7.87
293,5,50,0.0,0.0,,,0.00,0.00,0.00,2011-11-22 07:09:29,2011-11-22 07:09:29,1,11.553361,48.139427,11.553361,48.139427,0.00
293,5,51,147.0,147.0,00:01:06,,0.00,1.00,0.00,2011-11-22 07:20:06,2011-11-22 07:21:12,9,11.551558,48.139221,11.552558,48.138395,16.36
293,5,52,0.0,0.0,,,0.00,0.00,0.00,2011-11-22 07:21:20,2011-11-22 07:21:20,1,11.551982,48.138738,11.551982,48.138738,0.00
293,5,53,6.0,7.0,00:00:04,,0.00,0.00,3.00,2011-11-22 07:24:46,2011-11-22 07:24:50,2,11.552448,48.138385,11.552444,48.138333,2.89
293,5,54,0.0,0.0,,,0.00,0.00,0.00,2011-11-22 07:25:23,2011-11-22 07:25:23,1,11.552448,48.138344,11.552448,48.138344,0.00
293,5,55,174.0,174.0,00:01:40,00:00:04,0.00,0.31,4.31,2011-11-22 07:30:05,2011-11-22 07:31:49,15,11.553334,48.138531,11.553415,48.139895,11.59
293,5,56,0.0,0.0,,,0.00,0.00,0.00,2011-11-22 07:32:16,2011-11-22 07:32:16,1,11.553422,48.139876,11.553422,48.139876,0.00
293,5,57,1570.0,1570.0,00:27:12,00:09:52,2.33,2.60,2.60,2011-11-22 07:33:01,2011-11-22 08:10:05,147,11.553092,48.13996,11.553135,48.139531,10.68
294,0,0,108.0,108.0,00:01:30,00:00:36,0.00,0.00,0.00,2011-11-22 08:10:24,2011-11-22 08:12:30,11,11.553256,48.139541,11.552613,48.139849,9.84
294,0,1,0.0,0.0,,,0.00,0.00,0.00,2011-11-22 08:13:02,2011-11-22 08:13:02,1,11.55255,48.139856,11.55255,48.139856,0.00
294,0,2,202.0,202.0,00:01:39,00:00:15,0.00,0.56,0.56,2011-11-22 08:14:54,2011-11-22 08:16:48,19,11.554348,48.139506,11.554216,48.139548,10.62
294,0,3,0.0,0.0,,,0.00,0.00,0.00,2011-11-22 08:17:14,2011-11-22 08:17:14,1,11.553964,48.139419,11.553964,48.139419,0.00
294,0,4,0.0,0.0,,00:02:24,0.00,0.00,0.00,2011-11-22 12:33:07,2011-11-22 12:35:31,3,11.553964,48.139419,11.553964,48.139419,0.00
294,0,5,10972.0,10973.0,00:38:25,00:03:03,6.91,40.54,55.54,2011-11-22 12:36:28,2011-11-22 13:17:56,283,11.554105,48.140196,11.593795,48.1827,38.77
294,0,6,2690.0,2690.0,00:10:31,00:03:52,5.78,4.63,11.63,2011-11-22 13:22:01,2011-11-22 13:36:24,73,11.593654,48.182479,11.616165,48.190954,36.85
294,0,7,1870.0,1870.0,00:12:53,00:04:47,5.88,5.69,6.69,2011-11-22 14:51:40,2011-11-22 15:09:20,112,11.615982,48.190828,11.616028,48.191038,16.70
294,1,0,85.0,85.0,00:00:02,,0.00,0.00,1.00,2011-11-24 13:48:55,2011-11-24 13:48:57,3,11.61373,48.19228,11.614721,48.192651,28.20
294,1,1,2946.0,2946.0,00:11:27,00:00:59,6.48,10.82,6.82,2011-11-24 13:48:58,2011-11-24 14:01:24,95,11.614779,48.192613,11.589222,48.193268,31.01
294,1,2,2188.0,2188.0,00:09:24,00:01:51,5.39,5.47,8.47,2011-11-24 14:27:38,2011-11-24 14:38:53,67,11.590196,48.193278,11.611975,48.19435,32.66
294,1,3,962.0,962.0,00:10:20,00:04:37,2.58,1.99,4.99,2011-11-24 14:56:19,2011-11-24 15:11:16,75,11.611842,48.194363,11.615849,48.190989,12.82
294,2,0,8842.0,8843.0,00:31:09,00:01:22,6.39,62.43,39.43,2011-11-28 02:56:44,2011-11-28 03:29:15,259,11.615723,48.191052,11.553922,48.139691,34.14
294,2,1,13490.0,13491.0,00:42:12,00:02:46,7.25,41.14,63.14,2011-11-28 12:33:04,2011-11-28 13:18:02,308,11.554315,48.139707,11.616145,48.190965,43.80
294,3,0,8219.0,8220.0,00:28:40,00:01:13,6.57,54.12,22.12,2011-09-29 01:53:53,2011-09-29 02:23:46,236,11.616477,48.190166,11.555954,48.141751,34.83
294,3,1,0.0,0.0,,,0.00,0.00,0.00,2011-09-29 02:24:19,2011-09-29 02:24:19,1,11.555991,48.141751,11.555991,48.141751,0.00
294,3,2,304.0,304.0,00:02:38,,4.74,0.03,3.03,2011-09-29 02:24:21,2011-09-29 02:26:59,23,11.555798,48.139566,11.553217,48.139497,13.20
294,3,3,9426.0,9428.0,00:33:08,00:02:55,7.03,35.59,58.59,2011-09-29 11:34:19,2011-09-29 12:10:22,262,11.553832,48.13956,11.615759,48.190999,35.98
294,3,4,1698.0,1698.0,00:11:36,00:07:43,5.23,5.87,6.87,2011-09-29 13:53:09,2011-09-29 14:12:28,96,11.616053,48.190618,11.616147,48.191013,17.68
294,4,0,0.0,0.0,,,0.00,0.00,0.00,2011-10-24 01:51:54,2011-10-24 01:51:54,1,11.613715,48.19203,11.613715,48.19203,0.00
294,4,1,8930.0,8932.0,00:30:10,00:00:51,6.89,61.38,32.38,2011-10-24 01:52:24,2011-10-24 02:23:25,234,11.617839,48.191148,11.553176,48.139049,38.16
294,4,2,10142.0,10143.0,00:32:49,00:01:38,7.03,30.79,50.79,2011-10-24 11:31:06,2011-10-24 12:05:33,289,11.553872,48.139681,11.612041,48.194483,35.09
294,4,3,0.0,0.0,,00:00:01,0.00,0.00,0.00,2011-10-24 12:16:47,2011-10-24 12:16:48,2,11.612056,48.194488,11.612056,48.194488,0.00
294,4,4,938.0,938.0,00:10:20,00:01:13,2.02,2.02,5.02,2011-10-24 12:16:50,2011-10-24 12:28:23,62,11.611582,48.194242,11.615797,48.190845,15.12
294,4,5,0.0,0.0,,00:00:01,0.00,0.00,0.00,2011-10-24 12:28:58,2011-10-24 12:28:59,2,11.61578,48.190856,11.61578,48.190856,0.00
294,4,6,0.0,0.0,,00:00:38,0.00,0.00,0.00,2011-10-24 12:29:50,2011-10-24 12:30:28,2,11.61578,48.190856,11.61578,48.190856,0.00
294,4,7,0.0,0.0,,00:00:01,0.00,0.00,0.00,2011-10-24 12:31:01,2011-10-24 12:31:02,2,11.61578,48.190856,11.61578,48.190856,0.00
294,4,8,132.0,132.0,00:01:00,,0.00,3.00,0.00,2011-10-24 12:31:58,2011-10-24 12:32:58,5,11.617518,48.190017,11.616561,48.190679,26.32
294,4,9,32.0,32.0,00:01:04,,0.00,0.00,0.00,2011-10-24 13:50:04,2011-10-24 13:51:08,4,11.616049,48.190858,11.615665,48.190904,8.04
294,4,10,0.0,0.0,,00:02:24,0.00,0.00,0.00,2011-10-24 13:51:17,2011-10-24 13:53:41,4,11.615833,48.190888,11.615833,48.190888,0.00
294,4,11,1496.0,1497.0,00:24:09,00:59:44,1.41,6.13,6.13,2011-10-24 14:01:05,2011-10-24 15:24:58,238,11.615796,48.190936,11.61608,48.19091,6.29
294,5,0,806.0,806.0,00:09:35,00:03:37,2.69,3.78,0.78,2011-10-26 06:26:45,2011-10-26 06:39:57,76,11.615671,48.191068,11.61211,48.19454,10.61
294,5,1,0.0,0.0,,00:00:01,0.00,0.00,0.00,2011-10-26 06:49:37,2011-10-26 06:49:38,2,11.612123,48.194563,11.612123,48.194563,0.00
294,5,2,9464.0,9465.0,00:32:26,00:03:34,5.67,19.49,35.49,2011-10-26 06:49:43,2011-10-26 07:25:43,199,11.612007,48.194192,11.557595,48.247874,47.56
294,5,3,9769.0,9770.0,00:33:44,00:01:29,5.74,35.51,22.51,2011-10-26 10:59:45,2011-10-26 11:34:58,204,11.557504,48.247948,11.616159,48.191001,47.89
294,6,0,0.0,0.0,,00:00:01,0.00,0.00,0.00,2011-10-25 01:49:12,2011-10-25 01:49:13,2,11.62391,48.183211,11.62391,48.183211,0.00
294,6,1,8754.0,8758.0,00:26:59,00:04:25,6.38,58.37,35.37,2011-10-25 01:49:14,2011-10-25 02:20:38,242,11.62391,48.183211,11.554079,48.139442,36.17
294,6,2,10200.0,10202.0,00:36:29,00:03:14,7.20,45.19,67.19,2011-10-25 11:31:05,2011-10-25 12:10:48,331,11.553957,48.139508,11.615918,48.190765,30.82
294,6,3,764.0,764.0,00:03:12,00:00:16,6.93,3.44,0.44,2011-10-25 13:53:06,2011-10-25 13:56:34,37,11.616044,48.190919,11.611956,48.194339,20.64
294,6,4,0.0,0.0,,00:00:01,0.00,0.00,0.00,2011-10-25 14:10:46,2011-10-25 14:10:47,2,11.611938,48.194329,11.611938,48.194329,0.00
294,6,5,875.0,875.0,00:09:45,00:00:32,1.82,0.01,7.01,2011-10-25 14:10:48,2011-10-25 14:21:05,57,11.611922,48.194104,11.619054,48.192879,15.36
294,6,6,500.0,500.0,00:07:32,00:11:48,1.45,2.06,1.06,2011-10-25 14:21:38,2011-10-25 14:40:58,41,11.619108,48.192822,11.616034,48.191241,12.19
294,6,7,0.0,0.0,,00:00:14,0.00,0.00,0.00,2011-10-25 14:41:25,2011-10-25 14:41:39,2,11.61601,48.191227,11.61601,48.191227,0.00
294,7,0,8266.0,8267.0,00:28:23,00:00:41,6.77,59.97,26.97,2011-10-27 01:52:47,2011-10-27 02:21:51,244,11.615877,48.191249,11.555702,48.142184,33.88
294,7,1,506.0,508.0,00:01:25,00:00:08,0.00,0.00,10.00,2011-10-27 02:22:03,2011-10-27 02:23:36,14,11.555945,48.141968,11.553639,48.139424,36.14
294,7,2,0.0,0.0,,00:01:26,0.00,0.00,0.00,2011-10-27 02:24:08,2011-10-27 02:25:34,2,11.553624,48.139392,11.553624,48.139392,0.00
294,7,3,276.0,276.0,00:01:56,00:00:05,0.00,4.00,0.00,2011-10-27 11:36:34,2011-10-27 11:38:35,19,11.554172,48.13948,11.556678,48.139411,14.54
294,7,4,0.0,0.0,,,0.00,0.00,0.00,2011-10-27 11:38:59,2011-10-27 11:38:59,1,11.556115,48.139456,11.556115,48.139456,0.00
294,7,5,9735.0,9736.0,00:34:13,00:01:56,6.79,46.66,79.66,2011-10-27 11:39:05,2011-10-27 12:15:14,316,11.556204,48.142369,11.615845,48.190977,30.81
294,8,0,8992.0,8994.0,00:30:31,00:01:07,6.54,65.70,38.70,2011-10-28 01:51:41,2011-10-28 02:23:19,281,11.615746,48.190937,11.55366,48.138729,32.00
294,8,1,4692.0,4693.0,00:16:31,00:01:35,7.28,31.55,40.55,2011-10-28 11:34:12,2011-10-28 11:52:18,155,11.553358,48.139841,11.59192,48.152875,30.27
295,0,0,4474.0,4475.0,00:14:35,,7.32,18.13,26.13,2011-10-28 11:52:26,2011-10-28 12:07:01,134,11.591903,48.153182,11.602428,48.178531,33.39
295,0,1,0.0,0.0,,,0.00,0.00,0.00,2011-10-28 12:17:40,2011-10-28 12:17:40,1,11.602381,48.178562,11.602381,48.178562,0.00
295,0,2,1862.0,1862.0,00:08:12,00:02:20,7.36,4.65,10.65,2011-10-28 12:17:41,2011-10-28 12:28:13,70,11.602458,48.178409,11.615919,48.190966,26.60
295,0,3,0.0,0.0,,,0.00,0.00,0.00,2011-10-28 12:28:30,2011-10-28 12:28:30,1,11.615923,48.191,11.615923,48.191,0.00
295,0,4,402.0,402.0,00:09:00,00:05:17,1.81,0.00,1.00,2011-10-28 12:28:41,2011-10-28 12:42:58,56,11.615941,48.190614,11.616286,48.190875,7.17
295,0,5,0.0,0.0,,00:00:28,0.00,0.00,0.00,2011-10-28 12:43:24,2011-10-28 12:43:52,3,11.616292,48.190895,11.616292,48.190895,0.00
295,0,6,3889.0,3890.0,00:18:08,00:11:06,4.80,6.26,15.26,2011-10-28 13:30:02,2011-10-28 13:59:16,138,11.61579,48.190842,11.625497,48.216963,28.18
295,0,7,2534.0,2534.0,00:10:23,00:00:13,5.70,7.66,4.66,2011-10-28 15:17:44,2011-10-28 15:28:20,60,11.625722,48.215561,11.619899,48.196336,42.23
295,0,8,644.0,644.0,00:04:06,00:11:31,4.17,1.39,2.39,2011-10-28 16:13:02,2011-10-28 16:28:39,34,11.619063,48.194708,11.616064,48.190918,18.93
295,1,0,8852.0,8853.0,00:29:13,00:01:59,8.06,58.51,37.51,2011-10-31 02:52:50,2011-10-31 03:24:02,247,11.616032,48.191378,11.554076,48.140007,35.84
295,1,1,318.0,318.0,00:02:09,,0.00,2.56,0.56,2011-10-31 12:35:35,2011-10-31 12:37:44,15,11.554055,48.139502,11.556018,48.139941,21.20
295,1,2,8731.0,8733.0,00:29:03,00:02:45,7.39,33.86,58.86,2011-10-31 12:38:07,2011-10-31 13:09:55,262,11.556111,48.139739,11.616025,48.190874,33.32
295,1,3,775.0,775.0,00:03:39,00:00:01,6.06,2.84,0.84,2011-10-31 14:51:09,2011-10-31 14:54:49,37,11.615832,48.190678,11.612122,48.194366,20.94
295,1,4,0.0,0.0,,00:00:01,0.00,0.00,0.00,2011-10-31 15:05:41,2011-10-31 15:05:42,2,11.612146,48.194371,11.612146,48.194371,0.00
295,1,5,877.0,877.0,00:13:20,00:01:45,1.59,1.41,4.41,2011-10-31 15:05:54,2011-10-31 15:20:59,65,11.611902,48.194364,11.616363,48.191116,13.49
295,1,6,0.0,0.0,,00:00:14,0.00,0.00,0.00,2011-10-31 15:21:34,2011-10-31 15:21:48,2,11.616423,48.191163,11.616423,48.191163,0.00
295,2,0,63706.0,63728.0,,,0.00,288.40,218.40,,,1381,11.361051,48.209454,11.5724584,48.062357,46.13
295,3,0,8241.0,8243.0,00:30:35,00:00:32,5.56,51.42,21.42,2011-08-30 01:52:27,2011-08-30 02:23:34,188,11.615506,48.191113,11.55583,48.141131,43.84
295,3,1,551.0,551.0,00:02:14,00:00:09,5.23,0.04,3.04,2011-08-30 02:23:49,2011-08-30 02:26:12,23,11.556022,48.141596,11.553477,48.13963,23.95
295,3,2,11361.0,11363.0,00:38:38,00:16:28,6.59,39.65,61.65,2011-08-30 11:36:40,2011-08-30 12:31:46,292,11.554212,48.140042,11.616097,48.190975,38.91
295,4,0,10556.0,10558.0,00:33:37,00:01:24,6.59,74.38,37.38,2011-08-29 08:06:05,2011-08-29 08:41:06,270,11.615856,48.190868,11.61099,48.119085,39.10
295,4,1,0.0,0.0,,,0.00,0.00,0.00,2011-08-29 09:01:21,2011-08-29 09:01:21,1,11.610988,48.119089,11.610988,48.119089,0.00
295,4,2,11599.0,11600.0,00:38:28,00:01:54,6.85,50.71,22.71,2011-08-29 09:01:22,2011-08-29 09:41:44,283,11.610766,48.119187,11.696568,48.061607,40.98
295,4,3,14763.0,14765.0,01:00:39,00:06:09,5.21,44.73,76.73,2011-08-29 18:07:48,2011-08-29 19:14:36,399,11.722094,48.130458,11.616057,48.190936,37.00
295,5,0,10556.0,10558.0,00:33:37,00:01:24,6.59,74.38,37.38,2011-08-29 08:06:05,2011-08-29 08:41:06,270,11.615856,48.190868,11.61099,48.119085,39.10
295,5,1,0.0,0.0,,,0.00,0.00,0.00,2011-08-29 09:01:21,2011-08-29 09:01:21,1,11.610988,48.119089,11.610988,48.119089,0.00
295,5,2,11599.0,11600.0,00:38:28,00:01:54,6.85,50.71,22.71,2011-08-29 09:01:22,2011-08-29 09:41:44,283,11.610766,48.119187,11.696568,48.061607,40.98
295,5,3,14763.0,14765.0,01:00:39,00:06:09,5.21,44.73,76.73,2011-08-29 18:07:48,2011-08-29 19:14:36,399,11.722094,48.130458,11.616057,48.190936,37.00
295,6,0,0.0,0.0,,00:00:01,0.00,0.00,0.00,2011-08-28 01:52:37,2011-08-28 01:52:38,2,11.615616,48.191157,11.615616,48.191157,0.00
295,6,1,0.0,0.0,,,0.00,0.00,0.00,2011-08-28 01:52:41,2011-08-28 01:52:41,1,11.615616,48.191157,11.615616,48.191157,0.00
295,6,2,3486.0,3487.0,00:12:44,00:00:44,6.21,25.40,8.40,2011-08-28 01:52:52,2011-08-28 02:06:20,80,11.615845,48.190937,11.589179,48.165587,43.57
296,0,0,5688.0,5688.0,00:21:13,00:00:56,6.68,23.98,21.98,2011-08-28 02:06:31,2011-08-28 02:28:40,156,11.588685,48.165112,11.553517,48.139928,36.46
296,0,1,56932.0,56941.0,04:29:45,00:02:52,7.16,215.56,238.56,2011-08-28 11:30:10,2011-08-28 16:02:47,1214,11.554112,48.13964,11.616115,48.19094,46.90
296,1,0,9329.0,9331.0,00:31:15,00:00:13,6.37,49.80,30.80,2011-08-27 01:54:56,2011-08-27 02:26:24,229,11.614182,48.191859,11.553307,48.139838,40.74
296,1,1,7913.0,7915.0,00:30:31,00:06:46,6.71,52.67,35.67,2011-08-27 11:29:01,2011-08-27 12:06:18,279,11.553915,48.139579,11.610594,48.119189,28.36
296,1,2,10023.0,10024.0,00:29:00,00:04:03,8.05,27.75,68.75,2011-08-27 12:21:00,2011-08-27 12:54:03,238,11.610443,48.119227,11.6184,48.193132,42.11
296,1,3,0.0,0.0,,00:00:01,0.00,0.00,0.00,2011-08-27 13:03:21,2011-08-27 13:03:22,2,11.618416,48.19316,11.618416,48.19316,0.00
296,1,4,576.0,576.0,00:03:22,,4.73,0.96,1.96,2011-08-27 13:03:25,2011-08-27 13:06:47,27,11.61858,48.193355,11.615991,48.191032,21.34
296,2,0,8771.0,8773.0,00:29:17,00:01:33,7.09,59.70,36.70,2011-08-26 01:52:27,2011-08-26 02:23:17,258,11.616012,48.191038,11.553889,48.139833,34.00
296,2,1,6227.0,6229.0,00:25:27,00:01:54,6.33,45.13,36.13,2011-08-26 11:39:44,2011-08-26 12:07:05,246,11.55392,48.138944,11.604087,48.130343,25.31
296,2,2,30522.0,30525.0,01:51:50,00:11:44,7.33,114.97,150.97,2011-08-26 12:30:53,2011-08-26 14:34:27,800,11.631426,48.117395,11.615705,48.190893,38.15
296,2,3,667.0,667.0,00:08:46,00:13:21,2.53,0.39,0.39,2011-08-26 14:40:52,2011-08-26 15:02:59,103,11.61576,48.191001,11.616003,48.190906,6.48
296,3,0,10875.0,10876.0,00:43:19,00:22:24,5.68,52.16,26.16,2009-09-19 07:05:53,2009-09-19 08:11:36,296,11.606851,48.1270795,11.6631168,48.0620065,36.74
296,4,0,35040.0,35050.0,,,0.00,57.91,77.91,,,829,11.5688533,48.1490481,11.5316597,48.1821723,42.27
296,5,0,7564.0,7565.0,00:17:09,00:00:47,9.02,29.73,36.73,2011-11-10 16:23:58,2011-11-10 16:41:54,323,11.7222313,48.0793528,11.6413803,48.0889348,23.42
297,0,0,157328.0,157363.0,,,0.00,342.23,252.23,,,1566,11.531378,48.1821665,11.36573,48.06161,100.46
297,1,0,7282.0,7283.0,00:17:09,00:01:36,8.61,29.77,37.77,2011-11-09 17:07:05,2011-11-09 17:25:50,307,11.7227682,48.0793057,11.6412478,48.088932,23.72
297,2,0,14854.0,14871.0,01:32:39,45:58:39,2.41,95.02,58.02,2011-10-25 18:47:19,2011-10-27 18:18:37,667,11.5891,48.131462,11.60919,48.065708,22.27
297,3,0,17621.0,17621.0,00:10:25,,36.30,51.46,66.46,2011-11-02 10:09:34,2011-11-02 10:19:59,583,11.3608716,48.2259683,11.5330283,48.2480366,30.22
297,4,0,0.0,0.0,,00:00:14,0.00,0.00,0.00,2011-10-30 12:22:30,2011-10-30 12:22:44,14,11.679114,48.110472,11.679114,48.110472,0.00
297,4,1,6457.0,6464.0,00:26:36,00:04:30,5.72,80.81,112.81,2011-10-30 12:51:43,2011-10-30 13:22:49,1863,11.534577,48.061606,11.578476,48.090868,3.47
298,0,0,9590.0,9592.0,00:41:51,00:07:30,5.33,51.44,68.44,2011-10-30 13:22:50,2011-10-30 14:12:11,2941,11.578532,48.090889,11.678441,48.111012,3.26
298,0,1,0.0,0.0,,00:01:15,0.00,0.00,0.00,2011-10-30 15:43:20,2011-10-30 15:44:35,63,11.676942,48.110242,11.676942,48.110242,0.00
298,1,0,97487.0,97508.0,,,0.00,317.93,392.93,,,1996,11.7089684,48.0618242,11.3809547,48.2301243,48.84
299,0,0,17155.0,17156.0,,,0.00,78.50,50.50,,,626,11.3812601,48.2295572,11.5323862,48.1562008,27.40
299,1,0,635.0,635.0,00:06:54,00:01:16,5.49,13.01,5.01,2011-10-25 18:47:19,2011-10-25 18:55:29,69,11.5891,48.131462,11.594246,48.128475,9.20
299,1,1,1306.0,1306.0,00:15:34,00:06:56,1.88,11.05,3.05,2011-10-25 19:51:08,2011-10-25 20:13:38,115,11.594167,48.128746,11.60596,48.130569,11.36
299,1,2,77.0,77.0,00:01:43,00:03:38,0.00,0.00,0.00,2011-10-25 21:04:01,2011-10-25 21:09:22,29,11.605299,48.130627,11.605472,48.130661,2.65
299,1,3,0.0,0.0,,00:00:36,0.00,0.00,0.00,2011-10-25 21:09:52,2011-10-25 21:10:28,2,11.605449,48.130661,11.605449,48.130661,0.00
299,1,4,1495.0,1495.0,00:18:19,00:00:45,2.23,6.66,17.66,2011-10-25 21:17:30,2011-10-25 21:36:34,127,11.605366,48.130634,11.589692,48.130459,11.77
299,1,5,15.0,15.0,00:00:45,,0.00,0.00,3.00,2011-10-25 22:02:51,2011-10-25 22:03:36,2,11.589721,48.130825,11.589754,48.130959,7.54
299,1,6,492.0,492.0,00:09:41,00:01:48,2.79,11.48,0.48,2011-10-25 22:04:53,2011-10-25 22:16:22,40,11.589911,48.131107,11.591436,48.130459,12.30
299,1,7,164.0,164.0,00:03:41,00:06:31,0.00,1.22,1.22,2011-10-25 22:17:34,2011-10-25 22:27:46,25,11.590722,48.130375,11.590325,48.130741,6.58
299,1,8,303.0,303.0,00:07:58,00:03:48,1.47,1.75,1.75,2011-10-25 22:29:48,2011-10-25 22:41:34,32,11.590197,48.130466,11.590307,48.130417,9.47
299,1,9,63.0,63.0,00:00:26,00:00:11,0.00,0.00,0.00,2011-10-26 06:41:40,2011-10-26 06:42:17,8,11.589429,48.13084,11.589923,48.131165,7.91
299,2,0,15732.0,15734.0,00:51:51,00:21:50,6.92,57.56,75.56,2011-10-22 12:13:02,2011-10-22 13:26:43,639,11.3608968,48.2095808,11.4450416,48.2480864,24.62
299,3,0,628.0,628.0,00:00:19,,0.00,6.00,0.00,2010-07-25 16:25:27,2010-07-25 16:25:46,2,11.717598,48.06737,11.710923,48.0639,314.00
299,3,1,7819.0,7820.0,00:07:25,00:00:37,29.45,6.92,28.92,2010-07-26 06:33:15,2010-07-26 06:41:17,45,11.634505,48.064329,11.615381,48.129351,173.76
299,3,2,606.0,607.0,00:02:10,00:00:15,0.00,2.70,5.70,2010-07-26 06:42:15,2010-07-26 06:44:40,14,11.615853,48.131233,11.615143,48.136524,43.32
299,3,3,152.0,152.0,00:01:05,,0.00,1.00,0.00,2010-07-26 06:54:44,2010-07-26 06:55:49,6,11.615947,48.151134,11.614822,48.152254,25.35
299,3,4,7247.0,7249.0,00:13:10,,17.42,13.14,28.14,2010-07-26 06:56:34,2010-07-26 07:09:44,81,11.613697,48.152626,11.552141,48.185471,89.47
299,3,5,2727.0,2727.0,00:05:52,00:01:00,15.57,5.89,2.89,2010-07-26 10:56:21,2010-07-26 11:03:13,44,11.552038,48.187405,11.530933,48.18345,61.99
299,3,6,773.0,773.0,00:03:50,00:00:10,8.07,3.82,5.82,2010-07-26 11:03:15,2010-07-26 11:07:15,29,11.530785,48.183291,11.534422,48.183431,26.64
299,3,7,3517.0,3519.0,00:07:49,00:02:14,19.13,4.36,7.36,2010-07-26 16:27:44,2010-07-26 16:37:47,67,11.532925,48.182173,11.545942,48.19675,52.50
299,3,8,407.0,408.0,00:01:31,,0.00,0.75,3.75,2010-07-26 16:39:09,2010-07-26 16:40:40,17,11.546631,48.196944,11.545756,48.197595,23.97
299,3,9,1424.0,1424.0,00:03:18,00:00:02,12.19,3.63,4.63,2010-07-26 16:40:58,2010-07-26 16:44:18,66,11.545756,48.197595,11.541846,48.202245,21.57
299,3,10,5329.0,5330.0,00:10:19,00:00:58,14.89,23.71,5.71,2010-07-26 17:22:57,2010-07-26 17:34:14,72,11.545506,48.196975,11.574148,48.157707,74.02
299,3,11,4665.0,4667.0,00:13:55,00:02:33,11.73,28.00,28.00,2010-07-26 17:37:29,2010-07-26 17:53:57,213,11.588867,48.155995,11.575219,48.134504,21.90
299,3,12,2481.0,2482.0,00:06:49,00:00:34,11.54,16.20,16.20,2010-07-26 20:24:47,2010-07-26 20:32:10,103,11.569341,48.133394,11.589875,48.131357,24.09
299,3,13,1637.0,1638.0,00:03:04,00:00:07,0.00,9.74,2.74,2010-07-26 20:33:11,2010-07-26 20:36:22,21,11.593411,48.128776,11.609201,48.118559,77.96
299,3,14,3124.0,3124.0,00:01:42,,0.00,9.02,0.02,2010-07-26 20:41:16,2010-07-26 20:42:58,8,11.616606,48.087933,11.63543,48.063155,390.46
299,3,15,6327.0,6327.0,00:04:14,00:01:08,33.14,2.60,20.60,2010-07-27 09:32:01,2010-07-27 09:37:23,24,11.634438,48.0644,11.607437,48.108959,263.64
299,3,16,58.0,58.0,00:00:11,,0.00,0.00,0.00,2010-07-27 09:41:40,2010-07-27 09:41:51,6,11.582157,48.104471,11.581478,48.104582,9.72
299,3,17,15764.0,15766.0,00:21:03,00:02:27,20.35,42.63,44.63,2010-07-27 09:41:58,2010-07-27 10:05:28,220,11.581343,48.104785,11.413315,48.1322,71.66
299,3,18,10513.0,10514.0,00:14:36,00:01:21,23.85,20.66,31.66,2010-07-27 15:24:26,2010-07-27 15:40:23,104,11.411479,48.131629,11.523419,48.140742,101.09
299,3,19,6224.0,6224.0,00:10:22,,15.18,12.29,16.29,2010-07-27 18:02:05,2010-07-27 18:12:27,96,11.523711,48.140423,11.478746,48.152768,64.83
299,3,20,12112.0,12114.0,00:20:58,00:02:39,15.66,49.34,44.34,2010-07-27 19:58:29,2010-07-27 20:22:06,199,11.479007,48.152772,11.544525,48.111792,60.87
299,3,21,4245.0,4245.0,00:03:08,,0.00,17.67,1.67,2010-07-27 20:25:34,2010-07-27 20:28:42,14,11.584038,48.101479,11.595979,48.065062,303.23
299,3,22,24873.0,24874.0,00:17:46,,32.00,3.61,83.61,2010-07-28 09:19:31,2010-07-28 09:37:17,40,11.706674,48.061656,11.642055,48.246292,621.82
299,3,23,24650.0,24651.0,00:13:09,,38.70,96.86,3.86,2010-07-28 19:07:22,2010-07-28 19:20:31,28,11.640765,48.244344,11.70657,48.061859,880.36
299,3,24,13902.0,13906.0,00:16:25,00:02:16,18.76,36.80,56.80,2010-07-29 11:48:26,2010-07-29 12:07:07,144,11.635413,48.063375,11.535818,48.126527,96.54
299,3,25,2136.0,2136.0,00:06:07,,10.83,5.45,3.45,2010-07-29 12:16:26,2010-07-29 12:22:33,56,11.520197,48.14545,11.522807,48.140793,38.14
299,3,26,2092.0,2093.0,00:04:46,,10.81,12.34,8.34,2010-07-29 13:12:17,2010-07-29 13:17:03,67,11.524051,48.140054,11.518006,48.13057,31.23
299,3,27,15815.0,15819.0,00:40:42,00:02:34,18.43,24.33,57.33,2010-07-29 14:10:41,2010-07-29 14:53:57,222,11.51847,48.130327,11.617851,48.205423,71.24
299,3,28,10822.0,10822.0,00:08:17,,24.59,21.18,13.18,2010-07-29 15:49:27,2010-07-29 15:57:44,99,11.617914,48.203342,11.721488,48.183451,109.31
299,4,0,469.0,470.0,00:02:12,00:00:12,0.00,9.00,0.00,2010-05-24 14:41:22,2010-05-24 14:43:46,20,11.558175,48.175693,11.562419,48.173935,23.45
299,4,1,184.0,184.0,00:04:26,00:07:52,0.00,0.00,0.00,2010-05-24 15:14:19,2010-05-24 15:26:37,29,11.55376,48.173391,11.553789,48.173643,6.35
299,4,2,95.0,95.0,00:01:57,00:02:51,0.00,0.00,0.00,2010-05-24 15:29:57,2010-05-24 15:34:45,16,11.5537,48.173726,11.553665,48.173453,5.92
299,4,3,225.0,225.0,00:04:55,00:04:13,2.19,0.00,0.00,2010-05-24 15:35:41,2010-05-24 15:44:49,34,11.55372,48.17344,11.553812,48.173566,6.61
299,4,4,1605.0,1607.0,00:02:28,00:00:38,73.36,8.72,15.72,2010-05-24 17:20:15,2010-05-24 17:23:21,43,11.562192,48.173952,11.555429,48.180697,37.34
299,4,5,1089.0,1089.0,00:04:14,00:00:41,11.66,2.49,6.49,2010-05-24 17:24:25,2010-05-24 17:29:20,41,11.555429,48.180697,11.551248,48.186683,26.56
299,4,6,8992.0,8994.0,00:16:24,00:01:28,14.68,39.33,18.33,2010-05-24 17:30:56,2010-05-24 17:48:48,143,11.551248,48.186683,11.616105,48.150011,62.88
299,4,7,3841.0,3844.0,00:08:50,00:03:04,12.22,24.63,18.63,2010-05-24 17:50:29,2010-05-24 18:02:23,129,11.615004,48.136227,11.602481,48.128281,29.77
299,4,8,630.0,630.0,00:02:51,00:03:28,6.40,1.09,7.09,2010-05-24 18:02:26,2010-05-24 18:08:45,53,11.602351,48.128285,11.597142,48.128541,11.88
299,4,9,300.0,304.0,00:00:41,00:05:38,0.00,6.00,0.00,2010-05-24 18:08:48,2010-05-24 18:15:07,32,11.597142,48.128541,11.601171,48.128329,9.37
299,4,10,2193.0,2195.0,00:06:12,00:02:33,13.65,10.32,20.32,2010-05-24 18:36:10,2010-05-24 18:44:55,65,11.598033,48.128897,11.579905,48.135821,33.74
299,4,11,5563.0,5565.0,00:10:11,00:03:25,18.89,28.65,27.65,2010-05-24 19:04:25,2010-05-24 19:18:01,138,11.579848,48.135804,11.648076,48.13878,40.31
299,4,12,20639.0,20640.0,00:15:43,00:01:41,33.37,5.98,47.98,2010-05-25 08:45:06,2010-05-25 09:02:30,67,11.646589,48.137082,11.639887,48.242006,308.05
299,4,13,12814.0,12815.0,00:10:29,00:00:01,20.37,47.82,9.82,2010-05-25 22:23:12,2010-05-25 22:33:42,100,11.640649,48.244116,11.616136,48.15036,128.14
299,4,14,2082.0,2082.0,00:01:44,00:00:03,231.11,1.33,4.33,2010-05-25 22:36:17,2010-05-25 22:38:04,28,11.621518,48.139344,11.646425,48.138683,74.35
299,4,15,12112.0,12113.0,00:23:03,00:00:38,18.41,27.01,46.01,2010-05-26 05:35:43,2010-05-26 05:59:24,142,11.647993,48.13803,11.551595,48.186266,85.30
299,4,16,3413.0,3418.0,00:09:25,00:01:35,38.00,24.45,17.45,2010-05-26 18:51:27,2010-05-26 19:02:27,99,11.599915,48.135803,11.625586,48.136651,34.47
29,0,0,61855.0,61871.0,,,0.00,211.96,187.96,,,1656,11.4131353,48.1587799,11.3611589,48.114172,37.35
29,1,0,8705.0,8708.0,00:11:20,00:03:38,23.99,11.92,33.92,2014-10-06 15:00:50,2014-10-06 15:15:48,86,11.633951,48.064882,11.588441,48.125198,101.22
29,1,1,1216.0,1218.0,00:02:58,00:03:08,10.14,19.36,19.36,2014-10-06 15:15:52,2014-10-06 15:21:58,44,11.588058,48.125355,11.588121,48.125332,27.64
29,2,0,15742.0,15749.0,00:30:06,00:30:46,14.34,30.46,90.46,2013-07-11 12:49:15,2013-07-11 13:50:07,359,11.475412,48.06333,11.559474,48.142835,43.85
29,2,1,29587.0,29594.0,00:41:32,42:37:13,33.63,149.58,79.58,2010-04-27 12:01:44,2010-04-29 07:20:29,1056,11.642704,48.248005,11.636918,48.061622,28.02
29,2,2,73772.0,73795.0,01:17:28,309:38:49,18.93,216.45,182.45,2012-07-10 17:27:05,2012-07-23 16:23:22,813,11.640387,48.243584,11.55947,48.142774,90.74
29,3,0,4411.0,4412.0,00:08:54,00:00:37,13.79,16.44,9.44,2014-09-05 17:02:00,2014-09-05 17:11:31,85,11.545827,48.139529,11.50261,48.130983,51.89
29,3,1,13741.0,13742.0,00:16:19,00:05:05,17.32,54.51,30.51,2014-09-06 02:35:04,2014-09-06 02:56:28,158,11.501146,48.131303,11.595296,48.062126,86.97
29,3,2,14429.0,14431.0,00:17:22,,16.78,31.65,62.65,2014-09-07 21:49:33,2014-09-07 22:06:55,169,11.595699,48.062645,11.5029,48.135396,85.38
29,3,3,95.0,95.0,00:00:16,00:00:05,0.00,1.00,0.00,2014-09-07 22:06:56,2014-09-07 22:07:17,9,11.502843,48.135398,11.501932,48.135434,10.55
29,3,4,565.0,565.0,00:01:07,00:00:03,0.00,2.27,0.27,2014-09-07 22:07:19,2014-09-07 22:08:29,17,11.501932,48.135434,11.502663,48.130981,33.24
29,3,5,1180.0,1181.0,00:03:46,00:00:54,7.53,2.26,5.26,2014-09-07 22:08:30,2014-09-07 22:13:10,54,11.502608,48.130983,11.502536,48.133922,21.86
29,3,6,5339.0,5340.0,00:12:57,00:02:35,15.30,14.07,24.07,2014-09-08 05:21:28,2014-09-08 05:37:00,147,11.499616,48.131368,11.547103,48.139301,36.32
29,4,0,5613.0,5617.0,00:17:52,00:07:16,7.38,72.83,83.83,2014-09-02 10:30:53,2014-09-02 10:56:01,347,11.5424188,48.0617305,11.571111,48.0985339,16.17
2,0,0,785.0,785.0,00:03:30,00:03:28,5.25,2.57,4.57,2015-05-08 08:17:28,2015-05-08 08:24:26,418,11.7134196,48.204166,11.7228561,48.2053422,1.88
2,1,0,17579.0,17601.0,,,0.00,276.14,264.14,,,4582,11.5603587,48.1183739,11.6051544,48.1409472,3.84
300,0,0,2277.0,2278.0,00:04:22,00:00:23,20.26,5.77,10.77,2010-05-26 19:02:28,2010-05-26 19:07:13,81,11.625388,48.13664,11.647334,48.139884,28.11
300,0,1,5585.0,5586.0,00:18:19,00:10:29,15.41,9.62,11.62,2010-05-27 15:44:59,2010-05-27 16:13:47,148,11.552441,48.187329,11.502042,48.192392,37.74
300,0,2,2907.0,2907.0,00:05:11,00:00:18,16.22,2.38,2.38,2010-05-27 17:26:02,2010-05-27 17:31:31,39,11.502661,48.188381,11.529751,48.188653,74.55
300,0,3,4658.0,4658.0,00:07:19,00:00:44,15.48,5.11,7.11,2010-05-27 17:32:25,2010-05-27 17:40:28,53,11.533026,48.187102,11.589074,48.192731,87.89
300,0,4,526.0,526.0,00:00:57,,0.00,0.38,1.38,2010-05-27 17:41:06,2010-05-27 17:42:03,8,11.589074,48.192731,11.596168,48.192812,65.72
300,0,5,12951.0,12953.0,00:16:17,00:01:05,19.79,49.01,25.01,2010-05-27 20:00:35,2010-05-27 20:17:57,182,11.599932,48.193719,11.64615,48.138667,71.16
300,0,6,6106.0,6106.0,00:04:47,,31.88,4.46,4.46,2010-05-28 07:49:32,2010-05-28 07:54:19,38,11.64687,48.137003,11.722331,48.142013,160.68
300,0,7,33598.0,33599.0,00:21:05,00:00:02,35.46,59.40,28.40,2010-05-28 10:14:15,2010-05-28 10:35:22,143,11.719764,48.184728,11.413508,48.132236,234.95
300,0,8,13205.0,13213.0,00:16:50,00:02:36,22.12,45.69,41.69,2010-05-28 14:14:00,2010-05-28 14:33:26,189,11.411163,48.131621,11.546859,48.135672,69.87
300,0,9,4841.0,4842.0,00:10:29,00:02:13,15.16,9.27,10.27,2010-05-28 15:39:07,2010-05-28 15:51:49,69,11.549824,48.137209,11.489558,48.144954,70.16
300,0,10,9365.0,9366.0,00:13:53,00:03:44,18.56,12.45,34.45,2010-05-28 16:15:55,2010-05-28 16:33:32,97,11.489444,48.144982,11.551104,48.185993,96.54
300,0,11,73.0,73.0,00:00:44,00:00:31,0.00,2.00,0.00,2010-05-28 17:24:36,2010-05-28 17:25:51,6,11.552324,48.187495,11.551614,48.187664,12.18
300,0,12,7608.0,7609.0,00:09:43,00:00:02,18.57,2.36,27.36,2010-05-28 17:25:54,2010-05-28 17:35:39,92,11.551591,48.187668,11.550311,48.246659,82.70
300,0,13,16975.0,16976.0,00:20:10,00:00:49,26.42,53.02,8.02,2010-05-28 18:17:48,2010-05-28 18:38:47,174,11.475532,48.248187,11.476706,48.153112,97.56
300,0,14,16475.0,16479.0,00:31:37,00:02:07,13.90,62.41,59.41,2010-05-28 20:15:41,2010-05-28 20:49:25,356,11.478708,48.152949,11.64627,48.138674,46.28
300,0,15,5922.0,5922.0,00:04:23,,32.87,7.52,4.52,2010-05-29 09:12:55,2010-05-29 09:17:18,42,11.648358,48.137928,11.720074,48.141896,141.00
300,1,0,39889.0,39890.0,00:32:18,,43.10,73.41,12.41,2011-08-07 10:19:16,2011-08-07 10:51:34,31,11.393577,48.206711,11.712524,48.064622,1286.75
300,2,0,42987.0,42988.0,00:34:35,,43.10,77.26,11.26,2011-08-07 10:16:59,2011-08-07 10:51:34,37,11.362263,48.225137,11.712524,48.064622,1161.81
300,3,0,43533.0,43535.0,00:35:01,,40.51,91.28,18.28,2011-08-07 10:16:59,2011-08-07 10:52:00,70,11.362263,48.225137,11.707862,48.062345,621.90
300,4,0,24982.0,25000.0,,,0.00,50.83,115.83,,,588,11.590969,48.0617752,11.6332083,48.187321,42.49
300,5,0,5340.0,5341.0,01:31:26,00:04:14,2.19,19.77,20.77,2011-10-16 12:09:55,2011-10-16 13:45:35,1711,11.7207517,48.1749343,11.7209187,48.1761085,3.12
300,6,0,307.0,307.0,00:00:06,,0.00,1.00,0.00,2011-09-13 15:26:10,2011-09-13 15:26:16,4,11.446684,48.245468,11.446057,48.248196,76.68
300,7,0,3473.0,3473.0,00:01:07,,52.61,0.02,14.02,2011-09-13 15:25:03,2011-09-13 15:26:10,33,11.458509,48.215225,11.446684,48.245468,105.25
300,8,0,13028.0,13028.0,00:07:08,,50.14,26.10,59.10,2011-09-13 15:17:55,2011-09-13 15:25:03,213,11.555582,48.140883,11.458509,48.215225,61.16
300,9,0,799.0,800.0,00:07:17,00:00:22,3.71,12.97,2.97,2011-09-13 14:54:59,2011-09-13 15:02:38,224,11.55826,48.139088,11.557898,48.140646,3.57
300,10,0,566.0,566.0,00:03:42,00:03:12,2.83,3.88,1.88,2011-09-13 14:29:29,2011-09-13 14:36:23,208,11.646429,48.088628,11.643515,48.090496,2.72
300,11,0,703.0,703.0,00:05:22,00:00:04,4.05,4.70,3.70,2011-09-13 06:34:05,2011-09-13 06:39:31,164,11.647677,48.089435,11.651373,48.091267,4.29
301,0,0,53433.0,53480.0,,,0.00,476.50,441.50,,,3118,11.6333414,48.1875329,11.5553824,48.1293635,17.14
301,1,0,8753.0,8756.0,00:07:04,00:00:44,32.37,74.20,44.20,2011-10-14 17:16:27,2011-10-14 17:24:15,289,11.537227,48.121646,11.5632605,48.0627876,30.29
301,2,0,21649.0,21654.0,01:55:12,,3.71,163.61,156.61,2011-10-09 08:02:38,2011-10-09 09:57:50,1593,11.5529264,48.1632737,11.6277395,48.1439774,13.59
302,0,0,21400.0,21407.0,01:49:49,,4.22,170.90,165.90,2011-10-09 09:57:54,2011-10-09 11:47:43,1502,11.6277296,48.1438674,11.5460166,48.1729967,14.25
302,1,0,19668.0,19677.0,01:01:42,05:34:42,6.99,137.59,116.59,2011-10-02 13:51:12,2011-10-02 20:27:36,328,11.582745,48.126905,11.588743,48.124605,59.96
302,2,0,17662.0,17664.0,01:28:15,00:57:22,6.50,87.81,44.81,2011-10-09 16:02:33,2011-10-09 18:28:10,411,11.454288,48.154432,11.38823,48.06468,42.97
302,3,0,111475.0,111503.0,,,0.00,237.38,277.38,,,1673,11.515715,48.063216,11.615549,48.101318,66.63
302,4,0,11475.0,11476.0,00:19:55,53:22:35,32.08,27.66,11.66,2011-10-04 14:28:32,2011-10-06 20:11:02,166,11.5328495,48.2479055,11.5183602,48.1988347,69.13
302,5,0,11856.0,11856.0,00:15:18,00:19:16,24.65,14.31,29.31,2011-10-08 06:20:23,2011-10-08 06:54:57,151,11.5183001,48.1989788,11.5331996,48.2473162,78.52
302,6,0,4633.0,4634.0,00:16:14,00:00:10,6.29,19.72,19.72,2011-10-08 12:19:59,2011-10-08 12:36:23,207,11.458513,48.212154,11.458472,48.212059,22.38
302,7,0,16968.0,16969.0,01:05:46,00:23:14,7.74,44.44,63.44,2011-10-06 13:03:37,2011-10-06 14:32:37,561,11.5991424,48.1820064,11.5575016,48.2482176,30.25
302,8,0,0.0,0.0,,,0.00,0.00,0.00,2011-10-05 17:28:40,2011-10-05 17:28:40,1,11.6379972,48.1264157,11.6379972,48.1264157,0.00
303,0,0,91251.0,91283.0,,,0.00,237.47,296.47,,,1430,11.615321,48.10134,11.4550605,48.2479045,63.81
303,1,0,0.0,0.0,,00:00:49,0.00,0.00,0.00,2011-09-25 07:19:22,2011-09-25 07:20:11,45,11.679113,48.110526,11.679113,48.110526,0.00
303,1,1,0.0,0.0,,00:00:13,0.00,0.00,0.00,2011-09-25 08:18:32,2011-09-25 08:18:45,12,11.679113,48.110526,11.679113,48.110526,0.00
303,2,0,675.0,675.0,00:06:01,00:03:57,0.00,0.70,0.70,2011-09-19 07:25:36,2011-09-19 07:35:34,22,11.461903,48.1501469,11.4581478,48.1514916,30.69
303,2,1,918.0,918.0,00:08:13,00:03:11,0.00,0.27,1.27,2011-09-19 07:40:06,2011-09-19 07:51:30,13,11.4666675,48.1489345,11.4552897,48.1519222,70.60
303,2,2,187.0,187.0,00:02:10,00:00:36,0.00,2.50,0.50,2011-09-20 11:17:37,2011-09-20 11:20:23,14,11.3783912,48.0759219,11.3793262,48.076625,13.32
303,2,3,883.0,884.0,00:08:38,,2.81,0.00,25.00,2011-09-20 11:20:29,2011-09-20 11:29:07,60,11.3807198,48.0761738,11.3868656,48.0733351,14.72
303,2,4,2306.0,2307.0,00:25:48,00:20:10,2.60,28.66,4.66,2011-09-20 11:29:31,2011-09-20 12:15:29,162,11.3871164,48.0731969,11.3781665,48.0749855,14.23
303,2,5,2368.0,2368.0,00:13:58,00:06:06,5.27,9.92,13.92,2011-09-21 18:55:05,2011-09-21 19:15:09,107,11.3848911,48.0747741,11.3865103,48.0684515,22.13
303,2,6,7105.0,7106.0,00:36:47,00:36:10,5.60,45.94,26.94,2011-09-21 19:15:18,2011-09-21 20:28:15,229,11.3865094,48.0684114,11.379472,48.0765606,31.03
303,2,7,224.0,224.0,00:03:34,00:03:30,0.00,0.10,0.10,2011-09-22 11:20:31,2011-09-22 11:27:35,18,11.3889238,48.0691319,11.3885977,48.0696267,12.42
303,2,8,50.0,50.0,00:01:28,00:01:21,0.00,0.55,0.55,2011-09-22 11:31:00,2011-09-22 11:33:49,5,11.3884919,48.0699301,11.3887244,48.0699813,10.08
303,2,9,1531.0,1531.0,00:15:57,00:24:54,2.62,2.56,5.56,2011-09-23 10:29:30,2011-09-23 11:10:21,85,11.3783249,48.0748653,11.3761129,48.0679296,18.01
303,2,10,801.0,801.0,00:09:26,00:01:17,2.29,2.43,2.43,2011-09-23 12:07:07,2011-09-23 12:17:50,40,11.461454,48.1523865,11.4564898,48.1532416,20.02
303,3,0,17268.0,17269.0,00:47:27,00:11:52,8.37,42.25,66.25,2011-09-30 13:07:23,2011-09-30 14:06:42,550,11.5859616,48.1844032,11.4488696,48.2480704,31.40
303,4,0,12562.0,12563.0,00:34:58,00:07:32,9.35,30.37,41.37,2011-04-02 16:36:29,2011-04-02 17:18:59,213,11.587922,48.125348,11.721862,48.149055,58.98
303,5,0,3060.0,3061.0,00:10:32,,6.11,34.95,12.95,2011-09-29 13:21:10,2011-09-29 13:31:42,107,11.4794049,48.088464,11.4543033,48.0667121,28.60
303,5,1,714.0,714.0,00:02:26,,6.11,12.00,0.00,2011-09-29 13:32:25,2011-09-29 13:34:51,22,11.4543236,48.0667286,11.4482293,48.0617608,32.47
303,5,2,1677.0,1677.0,00:07:00,00:00:48,4.89,11.24,6.24,2011-09-29 17:18:50,2011-09-29 17:26:38,57,11.4167497,48.1074582,11.4376523,48.1038171,29.42
303,5,3,425.0,425.0,00:01:48,00:00:03,0.00,0.61,2.61,2011-09-29 17:26:51,2011-09-29 17:28:42,20,11.4377119,48.1038227,11.4428982,48.103289,21.26
303,5,4,8194.0,8194.0,00:33:23,00:01:46,5.18,30.53,33.53,2011-09-29 17:30:39,2011-09-29 18:05:48,295,11.4429429,48.1033023,11.5319156,48.0998652,27.78
303,6,0,20436.0,20438.0,00:21:50,00:03:47,32.88,95.21,84.21,2011-09-16 16:20:54,2011-09-16 16:46:31,1494,11.361017,48.225922,11.586909,48.177135,13.68
304,0,0,119367.0,119414.0,,,0.00,294.20,230.20,,,3074,11.455121,48.2479156,11.647117,48.08757,38.83
304,1,0,1923.0,1924.0,00:24:26,00:02:22,1.62,23.35,18.35,2011-09-25 16:23:55,2011-09-25 16:50:43,805,11.7090707,48.1710017,11.7130378,48.1700266,2.39
304,2,0,6911.0,6913.0,00:59:48,00:00:22,2.67,53.74,51.74,2011-09-25 07:58:37,2011-09-25 08:58:47,1121,11.6389,48.12534,11.63898,48.12494,6.16
305,0,0,28818.0,28828.0,,,0.00,117.02,104.02,,,1526,11.647117,48.08757,11.652708,48.0616645,18.88
305,1,0,43895.0,43901.0,00:25:13,,35.08,181.85,111.85,2011-09-10 01:20:57,2011-09-10 01:46:10,1045,11.360939,48.225972,11.70598,48.061617,42.00
305,1,1,43934.0,43939.0,00:21:47,,40.49,107.75,177.75,2011-09-16 21:34:56,2011-09-16 21:56:43,891,11.706466,48.061611,11.361021,48.226138,49.31
305,2,0,5685.0,5685.0,00:03:08,,32.28,25.58,35.58,2011-09-18 11:18:03,2011-09-18 11:21:11,189,11.360922,48.1140317,11.4288517,48.1286782,30.08
305,2,1,10359.0,10360.0,00:13:17,00:01:38,26.06,50.46,57.46,2011-09-18 11:21:20,2011-09-18 11:36:15,896,11.4313317,48.1277123,11.5455404,48.1120831,11.56
305,2,2,1504.0,1505.0,00:01:29,,19.03,23.93,13.93,2011-09-18 11:36:53,2011-09-18 11:38:22,90,11.5544969,48.1123677,11.5742877,48.1119356,16.71
305,2,3,15640.0,15641.0,00:11:52,,35.01,59.42,40.42,2011-09-18 11:38:34,2011-09-18 11:50:26,309,11.5770926,48.1112865,11.7227015,48.0702618,50.61
305,3,0,1598.0,1598.0,00:00:53,,31.18,6.66,7.66,2011-09-01 09:48:16,2011-09-01 09:49:09,54,11.642643,48.248001,11.635789,48.234361,29.60
306,0,0,30973.0,30979.0,00:18:43,00:00:18,34.47,147.69,58.69,2011-09-01 09:49:10,2011-09-01 10:08:11,664,11.635674,48.234132,11.706311,48.061709,46.65
306,1,0,257119.0,257152.0,,,0.00,572.81,617.81,,,3289,11.360854,48.090339,11.4609031,48.1435394,78.18
306,2,0,1479.0,1479.0,00:00:27,,56.40,0.65,21.65,2011-09-02 12:10:55,2011-09-02 12:11:22,28,11.706867,48.061844,11.722482,48.070077,52.81
306,3,0,25345.0,25351.0,00:39:24,,38.44,128.22,46.22,2011-09-01 12:38:24,2011-09-01 13:17:48,385,11.642602,48.248011,11.706102,48.061642,65.83
306,4,0,1736.0,1736.0,00:00:52,,31.50,21.50,0.50,2011-09-14 21:41:31,2011-09-14 21:42:23,47,11.7227125,48.0704265,11.7062598,48.0617415,36.94
306,5,0,0.0,0.0,,00:10:20,0.00,0.00,0.00,2011-04-21 11:13:31,2011-04-21 11:23:51,38,11.543525,48.099127,11.543525,48.099127,0.00
306,6,0,20308.0,20308.0,00:01:27,,0.00,0.00,90.00,2011-09-10 19:48:25,2011-09-10 19:49:52,14,11.5586901,48.0650293,11.6425311,48.237952,1450.58
306,7,0,9896.0,9901.0,00:31:59,00:06:57,6.54,86.75,50.75,2011-08-25 07:22:33,2011-08-25 08:01:29,535,11.594992,48.1416519,11.653196,48.075265,18.50
307,0,0,1701.0,1701.0,00:04:50,00:00:34,6.59,16.59,2.59,2011-08-25 08:01:30,2011-08-25 08:06:54,80,11.6532269,48.0752399,11.663405,48.061643,21.26
307,0,1,11804.0,11809.0,00:35:20,03:42:16,7.30,49.40,89.40,2011-08-27 12:45:10,2011-08-27 17:02:46,676,11.6633129,48.0622529,11.592695,48.1428599,17.46
307,1,0,124354.0,124396.0,,,0.00,478.60,455.60,,,4244,11.550172,48.182191,11.6656182,48.0987122,29.30
308,0,0,56303.0,56312.0,,,0.00,188.14,212.14,,,1110,11.6655801,48.098512,11.361482,48.169959,50.72
308,1,0,17332.0,17336.0,00:18:08,00:00:22,29.85,147.63,73.63,2011-08-30 12:28:01,2011-08-30 12:46:31,1013,11.56047,48.1868016,11.47304,48.0616483,17.11
308,2,0,43681.0,43682.0,00:23:16,,36.66,42.12,116.12,2011-07-19 01:33:57,2011-07-19 01:57:13,238,11.7079491,48.0621718,11.3614003,48.2259291,183.53
308,3,0,1358.0,1358.0,00:06:37,00:37:25,7.13,5.25,4.25,2011-08-09 18:25:39,2011-08-09 19:09:41,2639,11.6038036,48.1255607,11.6080131,48.1286468,0.51
309,0,0,26046.0,26049.0,00:25:21,00:48:55,29.30,110.18,136.18,2011-08-09 19:09:42,2011-08-09 20:23:58,4449,11.6080122,48.1286468,11.36098,48.2019729,5.85
309,1,0,18955.0,18955.0,00:12:20,,41.42,47.41,28.41,2011-05-31 21:48:01,2011-05-31 22:00:21,147,11.5559809,48.1400327,11.7206299,48.113507,128.94
309,2,0,1161.0,1161.0,00:13:10,00:00:16,1.79,3.01,7.01,2011-08-28 14:26:21,2011-08-28 14:39:47,404,11.7188522,48.1796458,11.713992,48.1866508,2.87
30,0,0,29733.0,29740.0,01:52:59,00:44:33,7.37,173.53,237.53,2014-09-02 10:56:06,2014-09-02 13:33:38,1973,11.5711856,48.0988161,11.6824263,48.2481764,15.07
30,1,0,218024.0,218060.0,,,0.00,255.62,221.62,,,846,11.4546373,48.1661536,11.3896451,48.1177217,257.71
30,2,0,44129.0,44133.0,00:28:09,00:00:04,34.97,78.02,157.02,2013-09-08 11:57:49,2013-09-08 12:26:02,639,11.7066941,48.06172,11.3609951,48.2261583,69.06
30,3,0,2744.0,2745.0,00:29:25,00:56:57,1.67,23.35,23.35,2014-09-16 14:41:10,2014-09-16 16:07:32,289,11.6701393,48.2452697,11.6700792,48.2452125,9.50
30,4,0,9412.0,9413.0,00:20:27,00:00:25,9.77,36.86,83.86,2014-09-18 06:03:07,2014-09-18 06:23:59,1253,11.4730167,48.0616569,11.5164766,48.1293029,7.51
310,0,0,3054.0,3055.0,00:34:52,00:02:10,1.88,14.27,8.27,2011-08-28 14:39:49,2011-08-28 15:16:51,1112,11.7139601,48.1866663,11.7208361,48.1761405,2.75
310,1,0,142330.0,142357.0,,,0.00,184.10,252.10,,,1200,11.711468,48.063944,11.36081,48.226331,118.61
310,2,0,94.0,94.0,00:00:15,,0.00,0.00,1.00,2011-08-25 12:59:11,2011-08-25 12:59:26,4,11.3610016,48.2475744,11.3619272,48.2481152,23.44
310,3,0,17409.0,17412.0,00:15:43,,38.14,52.21,124.21,2011-08-06 11:50:36,2011-08-06 12:06:19,531,11.473951,48.061845,11.573803,48.17856,32.79
310,3,1,9498.0,9499.0,00:05:48,,34.03,25.48,45.48,2011-08-06 12:07:45,2011-08-06 12:13:33,336,11.590075,48.176455,11.642903,48.248208,28.27
310,4,0,27826.0,27830.0,00:27:38,00:02:49,32.47,190.79,95.79,2011-07-24 10:17:56,2011-07-24 10:48:23,1617,11.642745,48.248059,11.473239,48.061621,17.21
310,5,0,735.0,735.0,00:06:36,00:00:02,2.57,4.15,1.15,2011-08-23 14:01:43,2011-08-23 14:08:21,200,11.7198581,48.1743996,11.7164572,48.1712307,3.67
311,0,0,455.0,455.0,00:04:08,00:00:46,2.69,0.67,3.67,2011-08-23 14:08:23,2011-08-23 14:13:17,148,11.7164213,48.1712517,11.7176988,48.1741497,3.07
311,1,0,145484.0,145536.0,,,0.00,583.21,588.21,,,3605,11.550001,48.182116,11.589443,48.162319,40.36
311,2,0,25309.0,25314.0,00:13:19,,35.58,120.82,28.82,2010-06-27 12:43:49,2010-06-27 12:57:08,296,11.642566,48.247873,11.706293,48.061706,85.50
311,3,0,26045.0,26049.0,00:34:47,02:09:23,27.69,105.36,62.36,2011-04-12 07:56:41,2011-04-12 10:40:51,531,11.586964,48.169608,11.36129,48.114261,49.05
311,4,0,16332.0,16334.0,00:29:35,00:05:20,18.85,71.22,38.22,2011-04-11 15:28:25,2011-04-11 16:03:20,420,11.642066,48.2469,11.575516,48.134693,38.89
312,0,0,11164.0,11168.0,00:48:05,00:29:27,10.23,61.18,66.18,2011-04-11 16:03:25,2011-04-11 17:20:57,669,11.57526,48.134613,11.5861,48.173517,16.69
312,1,0,89957.0,89987.0,,,0.00,399.61,427.61,,,4331,11.7144524,48.0830473,11.560897,48.140089,20.77
313,0,0,95579.0,95610.0,,,0.00,479.27,485.27,,,4996,11.560889,48.14009,11.375626,48.1790591,19.13
313,1,0,1.0,1.0,00:00:01,00:00:04,0.00,0.00,0.00,2011-08-17 15:05:10,2011-08-17 15:05:15,4,11.554654,48.141638,11.554646,48.141649,0.35
314,0,0,264379.0,264447.0,,,0.00,660.81,695.81,,,2959,11.3759889,48.1790365,11.676477,48.245641,89.35
314,1,0,11165.0,11166.0,01:07:02,,2.89,51.06,37.06,2011-08-15 03:38:26,2011-08-15 04:45:28,197,11.5897876,48.1371336,11.7219185,48.1305407,56.68
314,2,0,548.0,549.0,00:03:55,00:05:03,3.93,13.34,0.34,2011-08-10 16:25:57,2011-08-10 16:34:55,539,11.553339,48.140186,11.558627,48.1404,1.02
314,2,1,4.0,4.0,00:00:02,00:00:41,0.00,0.00,0.00,2011-08-10 16:34:56,2011-08-10 16:35:39,44,11.558627,48.1404,11.558582,48.140396,0.08
314,3,0,33668.0,33673.0,00:42:44,00:00:20,37.48,84.18,132.18,2011-08-10 16:11:27,2011-08-10 16:54:31,1261,11.72282,48.1129183,11.545645,48.233475,26.70
315,0,0,110575.0,110622.0,,,0.00,456.42,406.42,,,2139,11.676983,48.245968,11.361716,48.143219,51.69
315,1,0,19417.0,19418.0,00:22:19,,31.80,33.95,48.95,2011-08-01 03:57:15,2011-08-01 04:19:34,106,11.722097,48.113227,11.556925,48.140229,183.18
315,1,1,0.0,0.0,,,0.00,0.00,0.00,2011-08-01 04:19:41,2011-08-01 04:19:41,1,11.556764,48.140108,11.556764,48.140108,0.00
315,1,2,196.0,196.0,00:00:36,,0.00,4.00,0.00,2011-08-01 04:21:12,2011-08-01 04:21:48,4,11.554348,48.139598,11.556914,48.13994,48.93
315,1,3,4661.0,4663.0,00:02:07,00:11:55,0.00,9.51,3.51,2011-08-01 04:22:11,2011-08-01 04:36:13,17,11.556494,48.139923,11.494104,48.143478,274.19
315,1,4,0.0,0.0,,,0.00,0.00,0.00,2011-08-01 04:36:16,2011-08-01 04:36:16,1,11.506078,48.143309,11.506078,48.143309,0.00
315,1,5,6081.0,6081.0,00:06:19,00:00:29,28.84,3.99,13.99,2011-08-01 04:36:49,2011-08-01 04:43:37,53,11.482466,48.146683,11.414411,48.172477,114.74
315,1,6,0.0,0.0,,00:02:45,0.00,0.00,0.00,2011-08-01 04:43:45,2011-08-01 04:46:30,5,11.423341,48.167972,11.423341,48.167972,0.00
315,2,0,15985.0,15986.0,00:50:32,00:18:58,7.42,45.25,71.25,2011-08-09 13:39:03,2011-08-09 14:48:33,573,11.5836112,48.1843424,11.4488752,48.2480576,27.90
315,3,0,18897.0,18899.0,00:18:52,00:01:32,28.76,52.77,129.77,2011-08-05 05:15:26,2011-08-05 05:35:50,595,11.4739383,48.0617266,11.57173,48.1930033,31.76
315,4,0,12289.0,12291.0,00:46:05,00:05:34,6.83,44.48,47.48,2011-07-31 15:32:00,2011-07-31 16:23:39,481,11.3610448,48.2262001,11.4612951,48.2202606,25.55
315,5,0,888.0,888.0,00:10:40,00:01:14,1.96,3.21,4.21,2011-07-31 15:33:54,2011-07-31 15:45:48,358,11.715226,48.1701648,11.72285,48.1685526,2.48
315,6,0,7027.0,7028.0,00:28:54,00:05:16,5.39,17.72,27.72,2011-07-31 11:45:31,2011-07-31 12:19:41,231,11.60123,48.169984,11.615287,48.211087,30.42
315,6,1,11246.0,11247.0,01:14:14,00:08:22,4.57,35.73,34.73,2011-07-31 12:20:05,2011-07-31 13:42:41,436,11.61551,48.211186,11.647279,48.217908,25.79
316,0,0,7873.0,7874.0,00:35:29,00:03:09,4.52,34.75,25.75,2011-07-31 13:42:52,2011-07-31 14:21:30,192,11.647803,48.217713,11.601196,48.169968,41.01
316,0,1,0.0,0.0,,00:00:01,0.00,0.00,0.00,2011-07-31 15:11:26,2011-07-31 15:11:27,2,11.601196,48.169968,11.601196,48.169968,0.00
316,1,0,2447.0,2447.0,00:35:21,00:05:13,1.31,8.12,8.12,2011-07-31 12:17:43,2011-07-31 12:58:17,227,11.6151514,48.2113532,11.6151961,48.2113211,10.78
316,2,0,260943.0,260959.0,03:28:43,861:57:37,36.55,726.47,724.47,2010-12-02 09:34:14,2011-01-07 11:00:34,4579,11.3610944,48.1140543,11.3884133,48.1177806,56.99
317,0,0,2069.0,2070.0,00:01:30,,24.05,7.47,10.47,2011-01-07 11:00:36,2011-01-07 11:02:06,46,11.3877746,48.1176881,11.3608147,48.1141579,44.99
317,1,0,232820.0,232931.0,,,0.00,718.31,699.31,,,4842,11.6879433,48.2408633,11.701345,48.203388,48.08
317,2,0,3253.0,3253.0,00:00:14,,0.00,7.50,2.50,2011-07-09 16:14:38,2011-07-09 16:14:52,15,11.641474,48.232048,11.681614,48.220142,216.85
317,2,1,2797.0,2797.0,00:00:12,,0.00,7.00,0.00,2011-07-09 16:14:53,2011-07-09 16:15:05,13,11.684492,48.219288,11.719037,48.209095,215.19
317,2,2,0.0,0.0,,,0.00,0.00,0.00,2011-07-09 16:15:06,2011-07-09 16:15:06,1,11.72191,48.208237,11.72191,48.208237,0.00
317,3,0,25083.0,25085.0,00:12:54,,37.03,10.46,92.46,2011-07-24 14:59:44,2011-07-24 15:12:38,83,11.706525,48.061657,11.642928,48.247917,302.21
318,0,0,184076.0,184137.0,,,0.00,571.75,563.75,,,5000,11.701338,48.203373,11.518566,48.192998,36.82
319,0,0,8771.0,8773.0,,,0.00,64.05,48.05,,,424,11.518473,48.19293,11.549914,48.182123,20.69
319,1,0,17005.0,17008.0,01:16:12,00:00:03,5.14,117.91,126.91,2011-07-11 19:04:39,2011-07-11 20:20:54,4576,11.5433463,48.1322125,11.5504504,48.1359336,3.72
31,0,0,1116.0,1117.0,00:02:52,08:09:18,9.30,11.98,10.98,2014-09-18 06:24:00,2014-09-18 14:36:10,191,11.5165586,48.1293601,11.5232734,48.1356239,5.84
31,0,1,10179.0,10181.0,00:25:12,00:01:36,8.93,92.19,46.19,2014-09-18 14:36:11,2014-09-18 15:02:59,1609,11.523303,48.1356506,11.4726619,48.0616073,6.33
31,1,0,15384.0,15385.0,00:25:21,00:06:17,23.81,22.52,65.52,2014-09-15 09:56:51,2014-09-15 10:28:29,260,11.5619986,48.1355077,11.6414763,48.2451436,59.17
31,2,0,14153.0,14155.0,00:24:34,00:07:41,26.00,45.34,47.34,2014-09-11 10:51:27,2014-09-11 11:23:42,251,11.5585314,48.1371509,11.7220516,48.1419833,56.39
31,2,1,10598.0,10599.0,00:09:43,00:01:49,30.72,28.40,31.40,2014-09-11 18:42:08,2014-09-11 18:53:40,103,11.7191647,48.1420059,11.582075,48.1444364,102.89
31,2,2,2112.0,2112.0,00:06:00,00:01:00,12.96,16.07,8.07,2014-09-11 18:54:22,2014-09-11 19:01:22,64,11.5752589,48.1457016,11.5618922,48.1350124,33.00
31,3,0,10604.0,10605.0,00:14:51,00:00:19,23.24,68.07,9.07,2014-09-10 09:16:28,2014-09-10 09:31:38,133,11.5481163,48.1240534,11.4731253,48.061704,79.73
31,3,1,9953.0,9954.0,00:13:09,00:02:14,22.57,9.72,60.72,2014-09-10 15:43:14,2014-09-10 15:58:37,127,11.4739295,48.0616408,11.5337598,48.1333774,78.37
31,3,2,2833.0,2833.0,00:06:27,00:02:58,10.27,7.26,15.26,2014-09-10 15:59:29,2014-09-10 16:08:54,75,11.5345847,48.138393,11.5618285,48.1355708,37.77
31,4,0,16269.0,16270.0,00:24:24,00:06:29,22.99,70.34,28.34,2014-09-08 18:08:46,2014-09-08 18:39:39,234,11.6419898,48.2468988,11.5618171,48.1355094,69.53
31,5,0,228956.0,229054.0,,,0.00,266.38,220.38,,,1953,11.622788,48.196507,11.6057965,48.1213028,117.23
320,0,0,750.0,751.0,00:03:50,,4.20,15.65,6.65,2011-07-11 20:20:55,2011-07-11 20:24:45,231,11.5503832,48.1359524,11.5440834,48.1324199,3.25
320,1,0,173.0,174.0,00:03:38,00:00:16,1.11,1.82,0.82,2011-07-04 19:01:31,2011-07-04 19:05:25,235,11.5445268,48.1324548,11.5460073,48.1324627,0.74
320,1,1,12825.0,12830.0,01:09:26,00:00:31,4.85,118.20,113.20,2011-07-04 19:10:30,2011-07-04 20:20:27,4198,11.5459985,48.1325065,11.5440761,48.1324201,3.06
320,2,0,6491.0,6493.0,,,0.00,42.26,48.26,,,336,11.592875,48.1613789,11.6206311,48.1864019,19.32
321,0,0,124102.0,124128.0,,,0.00,367.94,370.94,,,4155,11.620451,48.1861702,11.620385,48.171995,29.87
321,1,0,17316.0,17317.0,01:06:11,01:00:47,7.62,50.61,69.61,2011-07-19 13:40:55,2011-07-19 15:47:53,845,11.5886696,48.184592,11.4761488,48.2481952,20.49
322,0,0,57695.0,57707.0,,,0.00,134.03,152.03,,,4909,11.6204166,48.1719933,11.533268,48.246969,11.75
322,1,0,362.0,362.0,00:01:32,,7.76,9.99,5.99,2011-06-16 14:47:07,2011-06-16 14:48:39,47,11.557831,48.141311,11.556566,48.143685,7.70
322,2,0,146.0,146.0,00:01:30,00:00:06,3.50,10.00,0.00,2011-06-16 14:35:37,2011-06-16 14:37:13,44,11.558922,48.139517,11.558545,48.140324,3.31
323,0,0,182.0,183.0,00:01:48,00:00:02,2.36,3.63,2.63,2011-06-16 14:37:15,2011-06-16 14:39:05,56,11.558479,48.140382,11.55772,48.140464,3.26
323,1,0,230.0,230.0,00:03:16,00:00:12,1.76,4.04,3.04,2011-06-16 14:31:23,2011-06-16 14:34:51,105,11.558992,48.139506,11.55879,48.139109,2.19
323,2,0,1224.0,1224.0,00:11:54,00:00:02,2.29,3.84,7.84,2011-06-16 05:47:23,2011-06-16 05:59:19,359,11.656539,48.097942,11.648916,48.091685,3.41
323,3,0,1760.0,1761.0,00:22:15,00:06:16,1.85,3.78,8.78,2011-06-15 19:17:43,2011-06-15 19:46:14,853,11.655846,48.097683,11.661737,48.098742,2.06
323,4,0,6249.0,6250.0,01:12:18,00:31:19,2.14,48.55,36.55,2011-06-15 17:33:30,2011-06-15 19:17:07,3098,11.633203,48.118479,11.655904,48.09766,2.02
323,5,0,2818.0,2819.0,00:13:22,00:03:41,7.67,17.31,19.31,2011-06-15 15:45:29,2011-06-15 16:02:32,509,11.661304,48.09905,11.646775,48.109273,5.54
323,6,0,165.0,165.0,00:00:38,,0.00,2.00,0.00,2011-06-15 15:12:08,2011-06-15 15:12:46,20,11.648658,48.091908,11.649554,48.092802,8.25
324,0,0,1759.0,1760.0,00:09:16,00:04:30,6.56,7.25,10.25,2011-06-15 15:12:48,2011-06-15 15:26:34,414,11.649503,48.09275,11.661702,48.098707,4.25
324,1,0,621.0,621.0,00:05:05,,3.39,3.74,0.74,2011-06-15 07:37:53,2011-06-15 07:42:58,149,11.647418,48.08887,11.65084,48.09136,4.17
324,2,0,16822.0,16823.0,01:00:01,00:02:32,6.22,69.77,44.77,2011-07-16 11:47:25,2011-07-16 12:49:58,640,11.361147,48.211971,11.511566,48.148705,26.28
324,3,0,6945.0,6947.0,00:09:33,00:01:06,18.31,36.07,59.07,2011-07-01 08:57:45,2011-07-01 09:08:24,338,11.615583,48.11195,11.598747,48.152926,20.55
324,3,1,14897.0,14899.0,00:23:45,00:13:28,22.59,62.91,82.91,2011-07-01 10:29:13,2011-07-01 11:06:26,801,11.600664,48.153472,11.467305,48.209666,18.60
324,4,0,106541.0,106616.0,,,0.00,223.87,231.87,,,1169,11.4756505,48.2206804,11.642784,48.247686,91.14
324,5,0,23765.0,23767.0,00:11:13,00:01:00,45.25,71.13,6.13,2011-07-02 10:58:21,2011-07-02 11:10:34,76,11.5328529,48.247469,11.3664729,48.1157609,312.70
324,5,1,24387.0,24391.0,00:12:25,00:00:48,36.18,13.69,81.69,2011-07-10 12:00:20,2011-07-10 12:13:33,140,11.361229,48.1140779,11.533438,48.2463619,174.20
324,6,0,14824.0,14826.0,01:34:01,00:11:05,5.79,30.63,55.63,2011-07-10 10:17:06,2011-07-10 12:02:12,349,11.6012058,48.1698913,11.6613559,48.2462425,42.48
324,6,1,0.0,0.0,,00:00:01,0.00,0.00,0.00,2011-07-10 12:06:45,2011-07-10 12:06:46,2,11.6613569,48.2462425,11.6613569,48.2462425,0.00
324,6,2,17.0,17.0,00:00:02,,0.00,0.00,0.00,2011-07-10 12:06:54,2011-07-10 12:06:56,2,11.6610507,48.2464103,11.6612586,48.2463378,8.68
324,6,3,14560.0,14563.0,01:03:23,00:27:50,5.29,70.99,45.99,2011-07-10 12:07:37,2011-07-10 13:38:50,404,11.661519,48.2462234,11.6011362,48.16996,36.04
324,6,4,5.0,5.0,,00:00:28,0.00,0.00,0.00,2011-07-10 13:39:10,2011-07-10 13:39:38,2,11.6011438,48.1699104,11.6011762,48.169876,2.26
324,6,5,0.0,0.0,,00:01:11,0.00,0.00,0.00,2011-07-10 13:39:49,2011-07-10 13:41:00,6,11.6011896,48.1698646,11.6011896,48.1698646,0.00
324,6,6,25.0,25.0,00:00:04,00:28:08,0.00,0.00,0.00,2011-07-10 13:41:07,2011-07-10 14:09:19,19,11.6011457,48.1698722,11.6011009,48.1697502,1.33
324,6,7,0.0,0.0,,00:00:02,0.00,0.00,0.00,2011-07-10 14:18:03,2011-07-10 14:18:05,3,11.6011009,48.1697502,11.6011009,48.1697502,0.00
324,7,0,7305.0,7306.0,00:29:58,00:37:48,6.26,35.58,12.58,2011-07-09 13:45:51,2011-07-09 14:53:37,486,11.372857,48.163467,11.409732,48.128944,15.03
325,0,0,26604.0,26613.0,01:25:48,00:06:18,7.10,152.68,191.68,2011-07-09 14:53:38,2011-07-09 16:25:44,1015,11.409757,48.128899,11.360838,48.209702,26.21
325,1,0,43095.0,43096.0,01:31:30,01:13:54,28.51,84.89,84.89,2011-07-09 21:35:30,2011-07-10 00:20:54,675,11.6975791,48.2470799,11.6904007,48.2479152,63.84
325,2,0,19737.0,19738.0,00:17:36,,33.34,34.22,103.22,2011-07-08 13:16:32,2011-07-08 13:34:08,328,11.3678816,48.0616335,11.5542843,48.1413077,60.17
325,3,0,29787.0,29787.0,00:19:07,,29.05,42.33,35.33,2011-06-09 15:34:47,2011-06-09 15:53:54,169,11.361397,48.225777,11.722699,48.182681,176.25
325,3,1,1333.0,1333.0,00:00:48,,0.00,18.00,0.00,2011-06-09 16:34:12,2011-06-09 16:35:00,6,11.720989,48.069365,11.706821,48.062013,222.20
325,4,0,43685.0,43686.0,00:27:33,,28.90,33.65,112.65,2011-06-25 16:09:48,2011-06-25 16:37:21,155,11.707288,48.061954,11.361412,48.225938,281.84
325,5,0,1114.0,1114.0,00:02:29,,0.00,9.27,10.27,2011-06-28 20:22:15,2011-06-28 20:24:44,16,11.544385,48.144503,11.558029,48.141427,69.63
325,5,1,219.0,219.0,00:00:57,,0.00,4.99,4.99,2011-06-28 20:24:51,2011-06-28 20:25:48,11,11.558093,48.14132,11.557132,48.139491,19.87
325,5,2,0.0,0.0,,,0.00,0.00,0.00,2011-06-28 20:25:56,2011-06-28 20:25:56,1,11.556848,48.139035,11.556848,48.139035,0.00
325,5,3,25.0,25.0,00:00:12,,0.00,0.00,0.00,2011-06-28 20:26:06,2011-06-28 20:26:18,3,11.556989,48.139044,11.557289,48.13912,8.43
325,5,4,30.0,30.0,00:00:15,,0.00,0.00,3.00,2011-06-28 20:26:26,2011-06-28 20:26:41,4,11.557471,48.139149,11.557754,48.13927,7.58
325,5,5,2.0,2.0,00:00:01,,0.00,1.00,0.00,2011-06-28 20:26:52,2011-06-28 20:26:53,2,11.557832,48.139171,11.557824,48.139155,0.94
325,5,6,28.0,28.0,00:00:18,,0.00,0.00,0.00,2011-06-28 20:27:03,2011-06-28 20:27:21,4,11.557803,48.138906,11.557909,48.138681,7.01
325,5,7,0.0,0.0,,,0.00,0.00,0.00,2011-06-28 20:27:34,2011-06-28 20:27:34,1,11.557917,48.138658,11.557917,48.138658,0.00
325,5,8,0.0,0.0,,,0.00,0.00,0.00,2011-06-28 20:27:44,2011-06-28 20:27:44,1,11.557701,48.138372,11.557701,48.138372,0.00
325,5,9,5.0,5.0,00:00:02,,0.00,1.00,0.00,2011-06-28 20:27:50,2011-06-28 20:27:52,2,11.55751,48.138096,11.557487,48.138058,2.28
325,5,10,74.0,74.0,00:00:54,,0.00,0.00,0.00,2011-06-28 20:28:00,2011-06-28 20:28:54,11,11.557277,48.137864,11.557252,48.138274,6.73
325,5,11,5.0,5.0,00:00:07,,0.00,0.00,0.00,2011-06-28 20:29:04,2011-06-28 20:29:11,3,11.557416,48.138347,11.557466,48.13837,1.60
325,5,12,16.0,16.0,00:00:15,,0.00,2.00,0.00,2011-06-28 20:29:33,2011-06-28 20:29:48,3,11.557511,48.138497,11.557333,48.138539,5.31
325,5,13,119.0,119.0,00:00:34,,0.00,0.00,0.00,2011-06-28 20:30:01,2011-06-28 20:30:35,9,11.557175,48.13835,11.557181,48.138887,13.22
325,5,14,99.0,99.0,00:00:58,,0.00,0.00,3.00,2011-06-28 20:30:49,2011-06-28 20:31:47,11,11.557428,48.13901,11.558513,48.139426,9.02
325,5,15,0.0,0.0,,,0.00,0.00,0.00,2011-06-28 20:31:53,2011-06-28 20:31:53,1,11.558502,48.139401,11.558502,48.139401,0.00
325,5,16,26.0,26.0,00:00:18,,0.00,1.00,0.00,2011-06-28 20:32:02,2011-06-28 20:32:20,5,11.558488,48.139346,11.558531,48.139144,5.12
325,5,17,8.0,8.0,00:00:13,,0.00,0.00,0.00,2011-06-28 20:32:28,2011-06-28 20:32:41,4,11.558532,48.139103,11.558518,48.139137,1.95
325,5,18,0.0,0.0,,,0.00,0.00,0.00,2011-06-28 20:32:45,2011-06-28 20:32:45,1,11.558457,48.139108,11.558457,48.139108,0.00
325,5,19,117.0,117.0,00:00:59,,0.00,2.00,0.00,2011-06-28 20:32:52,2011-06-28 20:33:51,13,11.558455,48.139104,11.559458,48.139239,8.98
325,5,20,52.0,52.0,00:00:16,,0.00,0.00,0.00,2011-06-28 20:34:04,2011-06-28 20:34:20,4,11.559466,48.139073,11.559847,48.138773,12.88
325,6,0,1633.0,1635.0,00:22:30,00:07:24,1.99,17.09,11.09,2011-07-09 08:56:05,2011-07-09 09:25:59,182,11.560746,48.137203,11.567742,48.138798,8.97
325,6,1,269.0,269.0,00:03:54,00:00:04,3.92,7.73,0.73,2011-07-09 09:30:24,2011-07-09 09:34:22,25,11.568343,48.139229,11.570861,48.138119,10.76
325,6,2,314.0,314.0,00:03:57,00:00:16,2.22,8.03,3.03,2011-07-09 09:40:29,2011-07-09 09:44:42,29,11.570639,48.138702,11.57371,48.137779,10.81
325,6,3,329.0,329.0,00:05:58,00:02:41,1.42,0.44,3.44,2011-07-09 09:47:12,2011-07-09 09:55:51,40,11.573834,48.137749,11.576363,48.137337,8.22
325,6,4,13.0,13.0,00:00:23,00:00:24,0.00,0.00,0.00,2011-07-09 10:04:41,2011-07-09 10:05:28,3,11.5765,48.137272,11.576351,48.137215,4.44
325,6,5,146.0,146.0,00:02:31,00:00:19,0.00,2.00,0.00,2011-07-09 10:25:12,2011-07-09 10:28:02,16,11.57656,48.137367,11.57638,48.137508,9.15
325,6,6,76.0,76.0,00:02:01,,0.00,1.00,0.00,2011-07-09 10:29:18,2011-07-09 10:31:19,11,11.576522,48.137386,11.576858,48.1376,6.95
325,6,7,349.0,349.0,00:03:49,00:00:25,0.00,0.00,1.00,2011-07-09 10:31:48,2011-07-09 10:36:02,21,11.576828,48.137749,11.576069,48.137093,16.64
325,6,8,1923.0,1927.0,00:22:56,00:25:41,2.34,22.30,17.30,2011-07-09 12:02:09,2011-07-09 12:50:46,259,11.589342,48.131046,11.574922,48.136681,7.43
325,6,9,352.0,352.0,00:04:53,00:03:57,2.20,0.84,6.84,2011-07-09 12:58:14,2011-07-09 13:07:04,53,11.57423,48.136177,11.576715,48.13702,6.64
325,6,10,565.0,567.0,00:08:27,00:01:01,2.33,8.47,10.47,2011-07-09 13:08:47,2011-07-09 13:18:15,66,11.577163,48.137486,11.570919,48.138596,8.56
325,6,11,543.0,545.0,00:06:51,00:01:09,2.13,9.46,8.46,2011-07-09 13:24:30,2011-07-09 13:32:30,61,11.570873,48.138268,11.565114,48.138279,8.90
325,6,12,672.0,672.0,00:08:18,00:02:07,2.13,7.59,7.59,2011-07-09 13:33:27,2011-07-09 13:43:52,69,11.565117,48.137951,11.557751,48.137688,9.73
325,7,0,66561.0,66586.0,,,0.00,215.65,215.65,,,1707,11.5717,48.193378,11.464938,48.205644,38.99
326,0,0,106342.0,106388.0,,,0.00,364.94,375.94,,,4033,11.464858,48.205672,11.4844413,48.2131719,26.37
326,1,0,13597.0,13598.0,00:43:33,00:24:06,7.64,56.01,78.01,2011-07-07 13:40:29,2011-07-07 14:48:08,529,11.612792,48.1747712,11.6803248,48.2480512,25.70
326,2,0,12134.0,12135.0,00:40:45,01:40:23,6.54,36.12,36.12,2011-07-06 12:26:59,2011-07-06 14:48:07,438,11.361252,48.211994,11.361133,48.21199,27.70
327,0,0,134743.0,134775.0,,,0.00,391.39,375.39,,,2739,11.4844953,48.2131303,11.367123,48.198977,49.19
327,1,0,8727.0,8728.0,00:26:37,00:01:47,6.96,44.65,49.65,2011-06-29 09:14:29,2011-06-29 09:42:53,1702,11.5534079,48.153437,11.461957,48.1771299,5.13
327,2,0,2870.0,2870.0,00:08:35,00:00:44,6.74,12.20,8.20,2011-06-29 12:01:18,2011-06-29 12:10:37,559,11.4623179,48.17688,11.491305,48.165287,5.13
328,0,0,5765.0,5766.0,00:17:48,00:01:03,7.10,35.37,33.37,2011-06-29 12:10:38,2011-06-29 12:29:29,1103,11.491305,48.165287,11.553273,48.153709,5.23
328,1,0,8688.0,8689.0,00:26:55,00:01:41,6.83,47.17,42.17,2011-06-29 12:01:09,2011-06-29 12:29:45,1715,11.462284,48.176967,11.553476,48.1537169,5.07
328,2,0,22301.0,22309.0,,,0.00,93.15,69.15,,,430,11.5395893,48.1325273,11.5326833,48.093971,51.86
328,3,0,5214.0,5215.0,00:28:51,00:00:20,4.77,33.29,38.29,2011-06-27 19:06:55,2011-06-27 19:36:06,1752,11.5433368,48.1322446,11.5498013,48.1376536,2.98
329,0,0,12322.0,12324.0,01:00:04,00:00:01,4.92,91.28,86.28,2011-06-27 19:36:07,2011-06-27 20:36:12,3606,11.5498128,48.1376181,11.5444993,48.1324113,3.42
329,1,0,35339.0,35345.0,,,0.00,162.45,162.45,,,1394,11.5306631,48.1406918,11.5305246,48.1404681,25.35
32,0,0,561583.0,561836.0,,,0.00,694.27,698.27,,,5000,11.605788,48.1212789,11.606091,48.122122,112.32
330,0,0,5173.0,5178.0,,,0.00,25.96,42.96,,,5000,11.5305246,48.1404684,11.5480043,48.1761948,1.03
331,0,0,98774.0,98822.0,,,0.00,389.37,389.37,,,5000,11.5483226,48.1761763,11.57305,48.1777499,19.75
332,0,0,109402.0,109436.0,,,0.00,437.35,400.35,,,5000,11.5730279,48.1777529,11.47644,48.11393,21.88
333,0,0,29317.0,29329.0,,,0.00,186.16,186.16,,,5000,11.47644,48.11393,11.50993,48.11491,5.86
334,0,0,30241.0,30258.0,,,0.00,212.28,229.28,,,4203,11.50993,48.11496,11.548188,48.092999,7.20
334,1,0,1387.0,1387.0,,150:52:36,0.00,7.00,0.00,2011-05-29 08:24:37,2011-06-04 15:17:13,2,11.715497,48.0764892,11.7120343,48.0642236,693.50
334,2,0,10244.0,10245.0,00:11:08,00:02:14,32.60,52.19,33.19,2011-05-30 09:52:35,2011-05-30 10:05:57,795,11.642639,48.247978,11.585028,48.178824,12.89
335,0,0,620.0,620.0,00:01:38,00:00:39,11.66,3.55,0.55,2011-05-30 10:05:58,2011-05-30 10:08:15,138,11.585029,48.178799,11.578382,48.177919,4.50
335,1,0,306688.0,306734.0,,,0.00,660.97,698.97,,,2489,11.709713,48.063058,11.558421,48.140471,123.22
335,2,0,1975.0,1976.0,00:09:05,00:01:06,6.44,20.13,17.13,2011-05-13 14:45:32,2011-05-13 14:55:43,609,11.553501,48.1535039,11.5571799,48.1413379,3.24
335,3,0,6292.0,6293.0,00:24:04,01:50:49,6.12,26.22,26.22,2011-06-12 11:33:16,2011-06-12 13:48:09,278,11.365857,48.1822489,11.365855,48.1823629,22.63
335,3,1,3819.0,3820.0,00:10:20,04:11:07,7.77,13.38,12.38,2011-06-16 09:17:21,2011-06-16 13:38:48,85,11.367111,48.1726899,11.3689409,48.173011,44.93
335,4,0,15958.0,15961.0,00:44:08,04:07:33,33.46,104.01,44.01,2010-09-08 06:11:37,2010-09-08 11:03:18,592,11.560433,48.139725,11.473593,48.061939,26.96
335,4,1,30321.0,30332.0,00:44:55,08:51:42,35.29,58.05,106.05,2010-09-10 11:17:27,2010-09-10 20:54:04,687,11.636833,48.061905,11.364343,48.200321,44.14
335,5,0,0.0,0.0,,,0.00,0.00,0.00,2011-06-09 06:29:37,2011-06-09 06:29:37,1,11.61494,48.1332516,11.61494,48.1332516,0.00
335,6,0,4142.0,4143.0,00:02:00,,38.58,19.69,11.69,2010-06-20 11:06:14,2010-06-20 11:08:14,121,11.6427508,48.2480956,11.6250297,48.2127371,34.23
336,0,0,5593.0,5593.0,00:04:20,,28.98,30.06,17.06,2010-06-20 11:08:15,2010-06-20 11:12:35,261,11.6248745,48.2124254,11.584097,48.1778459,21.43
336,0,1,4425.0,4426.0,00:03:49,,24.16,45.11,32.11,2010-06-20 11:13:46,2010-06-20 11:17:35,229,11.5669183,48.1766709,11.537072,48.1547605,19.32
336,0,2,1641.0,1641.0,00:01:15,,23.21,14.65,3.65,2010-06-20 11:17:49,2010-06-20 11:19:04,76,11.5368192,48.1510891,11.5345727,48.1366032,21.59
336,0,3,104.0,104.0,00:00:05,,0.00,0.00,4.00,2010-06-20 11:19:22,2010-06-20 11:19:27,6,11.5331053,48.1325706,11.532227,48.1321984,17.29
336,0,4,4919.0,4920.0,00:05:59,00:00:40,20.15,47.49,41.49,2010-06-20 11:19:29,2010-06-20 11:26:08,400,11.5316282,48.1319504,11.5459536,48.1121927,12.30
336,0,5,2526.0,2527.0,00:03:32,00:03:10,19.37,19.00,25.00,2010-06-20 11:26:45,2010-06-20 11:33:27,403,11.5550662,48.1120778,11.5540694,48.1123761,6.27
336,0,6,136.0,136.0,00:00:09,,0.00,3.00,0.00,2010-06-20 11:33:29,2010-06-20 11:33:38,10,11.5536836,48.1123971,11.5518583,48.1123347,13.57
336,0,7,8752.0,8753.0,00:09:05,00:00:47,29.95,65.27,17.27,2010-06-20 11:34:17,2010-06-20 11:44:09,593,11.5424263,48.1114446,11.4733431,48.0617742,14.76
336,1,0,54925.0,54953.0,,,0.00,282.96,308.96,,,2079,11.7227316,48.070465,11.5049459,48.13509,26.42
336,2,0,933.0,933.0,00:10:56,00:00:05,1.91,2.90,3.90,2011-06-07 06:05:02,2011-06-07 06:16:03,85,11.670283,48.129997,11.660097,48.133568,10.97
336,3,0,1139.0,1139.0,00:11:07,08:45:54,2.07,3.30,2.30,2011-06-07 06:16:19,2011-06-07 15:13:20,79,11.659917,48.133633,11.663911,48.126537,14.42
336,4,0,20000.0,20001.0,01:01:20,00:17:43,7.96,58.92,79.92,2011-06-07 13:32:28,2011-06-07 14:51:31,738,11.5946264,48.1834336,11.4490416,48.2479776,27.10
336,5,0,656.0,656.0,00:02:32,,6.08,3.15,7.15,2011-06-05 01:01:01,2011-06-05 01:03:33,41,11.619129,48.061638,11.621863,48.065426,16.00
337,0,0,4478.0,4478.0,00:12:17,00:00:03,8.87,18.83,24.83,2011-06-05 01:03:35,2011-06-05 01:15:55,236,11.622,48.065418,11.641204,48.088791,18.97
337,1,0,43297.0,43298.0,,,0.00,21.95,92.95,,,93,11.7090803,48.0628483,11.3619637,48.225508,465.56
337,2,0,5849.0,5850.0,01:13:36,00:18:04,2.22,15.87,19.87,2011-06-04 17:44:42,2011-06-04 19:16:22,4671,11.45778,48.152783,11.437275,48.164487,1.25
338,0,0,14819.0,14820.0,01:31:15,00:13:39,3.31,40.68,39.68,2011-06-04 19:16:23,2011-06-04 21:01:17,5000,11.437278,48.164487,11.547857,48.142047,2.96
339,0,0,6044.0,6045.0,00:16:14,00:05:39,11.30,15.76,6.76,2011-06-04 21:01:18,2011-06-04 21:23:11,683,11.547902,48.14204,11.595945,48.119665,8.85
339,1,0,69827.0,69875.0,,,0.00,225.51,292.51,,,4317,11.5723871,48.0616042,11.5398779,48.1801529,16.17
33,0,0,561181.0,561454.0,,,0.00,838.42,804.42,,,3758,11.6057536,48.1223512,11.487095,48.077484,149.33
33,1,0,32417.0,32420.0,00:27:49,00:01:12,35.32,135.75,114.75,2014-09-03 16:59:37,2014-09-03 17:28:38,1242,11.642739,48.248051,11.722678,48.182684,26.10
340,0,0,113752.0,113780.0,,,0.00,333.34,322.34,,,2047,11.5399509,48.1812899,11.5440609,48.15929,55.57
340,1,0,8240.0,8243.0,00:47:53,00:01:19,4.85,70.72,82.72,2011-05-30 19:09:46,2011-05-30 19:58:58,2953,11.5437061,48.1324734,11.5757437,48.1481349,2.79
341,0,0,4655.0,4657.0,00:25:19,00:00:11,4.58,47.83,35.83,2011-05-30 19:58:59,2011-05-30 20:24:29,1531,11.575704,48.1481516,11.5440234,48.1324946,3.04
341,1,0,27579.0,27591.0,,,0.00,208.74,207.74,,,3469,11.48037,48.11632,11.47667,48.1154,7.95
342,0,0,102411.0,102496.0,,,0.00,466.48,424.48,,,4085,11.47676,48.11542,11.491436,48.070248,25.07
342,1,0,12.0,12.0,00:00:07,,0.00,0.00,0.00,2011-05-29 15:43:53,2011-05-29 15:44:00,3,11.6536831,48.068726,11.6535329,48.068726,4.05
342,2,0,5325.0,5327.0,00:39:08,00:07:33,5.87,40.90,41.90,2011-05-30 13:16:02,2011-05-30 14:02:43,392,11.5704726,48.1146825,11.5714202,48.1147306,13.58
342,3,0,3890.0,3891.0,00:23:56,00:30:04,4.06,28.78,29.78,2011-05-29 17:49:53,2011-05-29 18:43:53,148,11.5703806,48.1147412,11.5710709,48.1147503,26.28
342,4,0,16535.0,16536.0,00:15:50,00:01:19,27.69,11.53,83.53,2011-05-23 16:48:45,2011-05-23 17:05:54,111,11.475408,48.063201,11.568156,48.176779,148.97
342,4,1,10817.0,10818.0,00:05:56,00:03:24,35.21,3.08,29.08,2011-05-23 17:06:25,2011-05-23 17:15:45,49,11.568156,48.176779,11.641605,48.245385,220.75
342,5,0,6295.0,6295.0,00:26:46,03:11:03,6.98,20.57,19.57,2011-05-29 12:53:55,2011-05-29 16:31:44,212,11.36652,48.1785539,11.3659059,48.1774339,29.69
343,0,0,71648.0,71710.0,,,0.00,432.09,517.09,,,5000,11.491366,48.070262,11.5052189,48.1810149,14.33
344,0,0,52760.0,52810.0,,,0.00,360.94,281.94,,,5000,11.5050589,48.1809729,11.37131,48.09202,10.55
345,0,0,74655.0,74680.0,,,0.00,325.26,386.26,,,4676,11.37135,48.09206,11.5443339,48.159824,15.97
345,1,0,3243.0,3244.0,00:17:02,00:01:06,5.56,34.67,11.67,2011-05-24 14:16:24,2011-05-24 14:34:32,324,11.571428,48.1147836,11.5893307,48.1026727,10.01
346,0,0,5739.0,5740.0,00:35:24,01:12:06,5.72,23.95,45.95,2011-05-24 14:34:34,2011-05-24 16:22:04,577,11.5894375,48.1026531,11.5704865,48.1147222,9.95
346,1,0,841.0,842.0,00:06:44,,4.68,21.91,3.91,2011-05-21 18:17:21,2011-05-21 18:24:05,242,11.5699036,48.1141776,11.5761553,48.1128773,3.47
346,1,1,1151.0,1152.0,00:04:58,,5.72,4.21,25.21,2011-05-21 18:45:02,2011-05-21 18:50:00,270,11.5760798,48.1128355,11.5705904,48.1147664,4.26
346,2,0,2064.0,2066.0,00:10:25,00:25:18,5.94,26.23,27.23,2011-05-08 17:24:02,2011-05-08 17:59:45,470,11.5709596,48.1150288,11.5707245,48.1149127,4.39
346,3,0,6449.0,6449.0,00:04:59,00:01:05,30.62,45.38,19.38,2009-09-26 07:12:34,2009-09-26 07:18:38,299,11.5089998,48.0989112,11.4733285,48.0617218,21.57
346,4,0,96742.0,96792.0,,,0.00,277.12,304.12,,,1552,11.5527462,48.1480121,11.4877971,48.2092464,62.33
346,5,0,18454.0,18459.0,01:38:01,02:56:29,5.05,104.43,130.43,2011-04-20 10:46:38,2011-04-20 15:21:08,548,11.542102,48.061867,11.47064,48.148515,33.68
346,6,0,23415.0,23416.0,01:52:36,00:51:01,4.96,64.87,111.87,2009-04-05 06:58:49,2009-04-05 09:42:26,892,11.47048,48.148475,11.638532,48.248145,26.25
346,7,0,17000.0,17001.0,00:09:45,,34.06,9.80,25.80,2010-11-03 19:14:02,2010-11-03 19:23:47,68,11.366462,48.222671,11.533115,48.247882,250.01
346,7,1,17007.0,17007.0,00:12:55,,33.48,23.59,9.59,2010-11-04 16:14:16,2010-11-04 16:27:11,65,11.53306,48.246612,11.362717,48.225111,261.65
346,8,0,901.0,901.0,00:02:24,,0.00,6.13,4.13,2011-05-22 13:34:16,2011-05-22 13:36:40,17,11.361116,48.1626779,11.366667,48.168538,52.97
347,0,0,115010.0,115057.0,,,0.00,447.73,423.73,,,3723,11.4874392,48.2092226,11.5554119,48.1690059,30.89
347,1,0,34781.0,34782.0,00:20:31,,32.19,15.52,91.52,2011-05-21 07:42:31,2011-05-21 08:03:02,84,11.709312,48.062866,11.464717,48.209122,414.06
347,1,1,6978.0,6978.0,00:03:59,,31.60,3.37,3.37,2011-05-21 08:03:28,2011-05-21 08:07:27,21,11.451203,48.204651,11.366229,48.223061,332.28
347,1,2,21570.0,21573.0,00:28:37,00:06:13,16.22,70.11,53.11,2011-05-21 12:26:02,2011-05-21 13:00:52,362,11.365197,48.223408,11.577537,48.126938,59.59
347,1,3,655.0,655.0,00:03:06,00:01:27,7.20,1.80,3.80,2011-05-21 13:01:24,2011-05-21 13:05:57,62,11.579428,48.124123,11.582767,48.12484,10.56
347,1,4,1457.0,1459.0,00:16:31,00:03:33,2.75,16.32,15.32,2011-05-21 13:05:59,2011-05-21 13:26:03,427,11.582767,48.12484,11.577657,48.134441,3.41
347,1,5,777.0,777.0,00:10:44,00:01:39,1.85,12.37,4.37,2011-05-21 14:09:33,2011-05-21 14:21:56,64,11.57764,48.134354,11.573559,48.135151,12.13
347,1,6,222.0,223.0,00:02:30,00:00:43,0.00,1.24,1.24,2011-05-21 15:32:20,2011-05-21 15:35:33,15,11.573363,48.135303,11.573945,48.135406,14.83
347,1,7,11434.0,11441.0,00:29:39,00:09:08,14.79,63.52,36.52,2011-05-21 15:37:10,2011-05-21 16:15:57,242,11.5737,48.135548,11.633809,48.06485,47.25
348,0,0,72004.0,72035.0,,,0.00,407.73,423.73,,,5000,11.555361,48.1690029,11.602498,48.1790885,14.40
349,0,0,152639.0,152693.0,,,0.00,662.34,582.34,,,5000,11.6026926,48.1789855,11.41303,48.06921,30.53
34,0,0,139770.0,139826.0,,,0.00,424.62,487.62,,,4300,11.487033,48.077347,11.5320932,48.1672911,32.50
34,1,0,21782.0,21783.0,00:12:28,,34.19,72.38,75.38,2014-08-02 15:33:00,2014-08-02 15:45:28,700,11.360837,48.2259099,11.631464,48.2198589,31.12
350,0,0,81129.0,81166.0,,,0.00,404.05,479.05,,,3706,11.41301,48.06927,11.56789,48.12154,21.89
350,1,0,8157.0,8157.0,00:05:18,,30.56,15.94,0.94,2011-03-17 10:45:18,2011-03-17 10:50:36,44,11.364922,48.22358,11.420877,48.171494,185.38
350,1,1,12477.0,12478.0,00:12:30,00:01:18,27.21,40.71,16.71,2011-03-17 10:52:18,2011-03-17 11:06:06,114,11.40085,48.157015,11.505606,48.110748,109.45
350,1,2,13849.0,13849.0,00:15:14,00:01:46,27.12,25.30,24.30,2011-03-17 13:27:53,2011-03-17 13:44:53,114,11.505606,48.110748,11.362621,48.11464,121.48
350,1,3,12385.0,12385.0,00:14:47,00:00:01,26.17,20.04,22.04,2011-03-17 14:35:06,2011-03-17 14:49:54,95,11.364223,48.114935,11.505568,48.111061,130.37
350,1,4,11363.0,11364.0,00:14:02,00:00:16,24.88,18.36,20.36,2011-03-17 16:37:16,2011-03-17 16:51:34,84,11.478967,48.108662,11.362537,48.114615,135.28
350,1,5,13022.0,13023.0,00:13:36,00:33:33,24.23,27.86,8.86,2011-03-29 13:22:53,2011-03-29 14:10:02,124,11.362065,48.225266,11.486207,48.16253,105.02
350,1,6,3834.0,3835.0,00:09:35,00:01:55,10.77,17.17,12.17,2011-03-29 14:43:54,2011-03-29 14:55:24,110,11.489952,48.164462,11.479816,48.149456,34.85
350,1,7,10210.0,10211.0,00:24:26,00:01:56,14.78,24.64,18.64,2011-03-29 15:24:00,2011-03-29 15:50:22,189,11.478783,48.148759,11.360865,48.14306,54.02
350,1,8,11582.0,11584.0,00:11:27,00:00:03,28.78,16.15,30.15,2011-04-14 17:27:48,2011-04-14 17:39:18,134,11.361316,48.114086,11.410008,48.134074,86.44
350,1,9,5269.0,5269.0,00:06:09,00:00:03,18.91,6.16,13.16,2011-04-14 18:10:42,2011-04-14 18:16:54,92,11.411383,48.131269,11.362425,48.143037,57.27
350,2,0,1197.0,1197.0,00:01:59,01:09:33,6.75,3.93,3.93,2011-05-08 11:47:56,2011-05-08 12:59:28,127,11.7205867,48.087593,11.7205562,48.0875473,9.42
350,3,0,24854.0,24856.0,00:12:55,,37.07,95.91,10.91,2011-05-13 08:14:40,2011-05-13 08:27:35,67,11.64195,48.246703,11.708958,48.062985,370.96
351,0,0,136223.0,136302.0,,,0.00,604.80,527.80,,,3858,11.56782,48.12151,11.400129,48.070099,35.31
351,1,0,6354.0,6355.0,01:18:24,00:16:52,1.74,34.11,30.11,2011-05-08 15:00:45,2011-05-08 16:36:01,1142,11.7067061,48.1802572,11.7085386,48.1689036,5.56
352,0,0,78122.0,78162.0,,,0.00,351.01,383.01,,,3550,11.400103,48.070095,11.5737094,48.0813393,22.01
352,1,0,46021.0,46029.0,00:36:37,00:00:14,32.55,129.24,216.24,2010-08-06 22:54:59,2010-08-06 23:31:50,1450,11.706497,48.061668,11.360847,48.238563,31.74
353,0,0,176121.0,176190.0,,,0.00,435.45,462.45,,,2157,11.5737051,48.0812768,11.605751,48.126236,81.65
353,1,0,7527.0,7528.0,00:39:29,01:17:13,5.62,48.20,48.20,2011-05-02 15:55:15,2011-05-02 17:51:57,513,11.5704923,48.1149082,11.5706656,48.114815,14.67
353,2,0,7269.0,7270.0,00:10:03,00:01:42,19.57,45.04,27.04,2011-04-29 08:32:25,2011-04-29 08:44:10,579,11.532703,48.084644,11.473262,48.06176,12.55
353,3,0,1459.0,1460.0,00:23:03,00:01:03,1.69,9.17,10.17,2011-04-28 14:34:29,2011-04-28 14:58:35,255,11.612832,48.17496,11.61143,48.164417,5.72
353,4,0,3756.0,3757.0,00:17:03,00:29:23,13.60,30.09,14.09,2011-04-27 16:36:45,2011-04-27 17:23:11,617,11.542441,48.12212,11.541614,48.094456,6.09
353,5,0,14522.0,14523.0,00:14:53,00:02:48,24.99,75.20,50.20,2011-04-27 15:31:32,2011-04-27 15:49:13,854,11.582695,48.24809,11.5908985,48.16073,17.00
353,6,0,131.0,131.0,00:01:38,,2.13,1.00,0.00,2011-04-27 12:17:27,2011-04-27 12:19:05,25,11.560046,48.248188,11.55931,48.248074,5.24
354,0,0,110963.0,110993.0,,,0.00,369.68,361.68,,,2510,11.606152,48.126061,11.3828568,48.1313215,44.21
354,1,0,4483.0,4483.0,00:03:30,00:01:04,0.00,0.66,8.66,2011-03-14 16:40:55,2011-03-14 16:45:29,24,11.717563,48.114024,11.66249,48.125635,186.79
354,1,1,445.0,445.0,00:01:46,,0.00,0.96,0.96,2011-03-18 16:15:03,2011-03-18 16:16:49,10,11.604759,48.127839,11.600723,48.126153,44.46
354,1,2,1690.0,1691.0,00:24:33,00:04:45,1.39,19.57,19.57,2011-03-19 14:03:58,2011-03-19 14:33:16,128,11.555102,48.177577,11.555571,48.178672,13.20
354,1,3,1256.0,1257.0,00:18:17,00:02:51,1.40,10.55,10.55,2011-03-20 14:16:22,2011-03-20 14:37:30,100,11.587508,48.14486,11.591736,48.151608,12.56
354,1,4,1719.0,1720.0,00:06:32,00:01:02,8.85,10.77,2.77,2011-03-20 15:28:51,2011-03-20 15:36:25,56,11.57174,48.148528,11.558862,48.141678,30.69
354,1,5,75.0,75.0,00:01:10,00:00:14,0.00,0.00,2.00,2011-03-20 15:36:30,2011-03-20 15:37:54,15,11.558728,48.14158,11.559282,48.141196,5.02
354,1,6,723.0,723.0,00:01:30,,0.00,2.11,0.11,2011-03-21 16:47:02,2011-03-21 16:48:32,10,11.625631,48.134821,11.616239,48.134455,72.27
354,1,7,379.0,380.0,00:05:06,00:00:25,1.62,1.86,0.86,2011-03-21 16:50:05,2011-03-21 16:55:36,36,11.61569,48.135255,11.614245,48.136836,10.54
354,1,8,419.0,419.0,00:01:11,,0.00,1.18,0.18,2011-03-26 15:14:34,2011-03-26 15:15:45,7,11.615547,48.193693,11.613733,48.190126,59.80
354,1,9,756.0,757.0,00:13:25,00:00:36,1.62,14.77,8.77,2011-03-26 15:32:16,2011-03-26 15:46:17,65,11.575842,48.137181,11.567653,48.138929,11.63
354,1,10,27.0,27.0,00:00:26,00:04:21,0.00,0.00,0.00,2011-03-26 15:54:46,2011-03-26 15:59:33,13,11.567075,48.138084,11.567156,48.13814,2.08
354,1,11,52.0,52.0,00:01:14,00:04:29,0.00,0.00,2.00,2011-03-26 16:17:11,2011-03-26 16:22:54,18,11.567386,48.13863,11.567506,48.139035,2.90
354,1,12,43.0,43.0,00:01:09,00:00:30,0.00,0.00,0.00,2011-03-26 16:24:24,2011-03-26 16:26:03,8,11.566901,48.138319,11.567039,48.138108,5.42
354,1,13,119.0,119.0,00:01:55,00:04:07,0.00,0.00,7.00,2011-03-26 16:30:22,2011-03-26 16:36:24,24,11.567441,48.139046,11.566128,48.139069,4.94
354,1,14,267.0,267.0,00:02:53,00:00:13,0.00,2.51,0.51,2011-03-26 16:40:48,2011-03-26 16:43:54,15,11.564724,48.13879,11.564215,48.138075,17.77
354,1,15,76.0,76.0,00:01:46,00:00:24,0.00,0.00,1.00,2011-03-26 16:49:15,2011-03-26 16:51:25,8,11.563746,48.138527,11.563509,48.138271,9.48
354,1,16,149.0,149.0,00:01:37,,0.00,4.00,0.00,2011-03-26 17:03:11,2011-03-26 17:04:48,10,11.563577,48.137632,11.565174,48.137921,14.94
354,1,17,138.0,138.0,00:02:21,,0.00,0.00,3.00,2011-03-26 17:27:52,2011-03-26 17:30:13,13,11.582242,48.114273,11.583654,48.114029,10.62
354,1,18,72.0,72.0,00:01:26,,0.00,0.13,0.13,2011-03-26 17:39:38,2011-03-26 17:41:04,6,11.583209,48.113528,11.582968,48.113408,11.93
354,1,19,1302.0,1302.0,00:17:18,00:00:37,1.56,7.76,9.76,2011-03-27 18:37:49,2011-03-27 18:55:44,101,11.568677,48.10368,11.577273,48.11317,12.89
354,2,0,5334.0,5335.0,01:59:19,,6.46,14.20,15.20,2011-04-22 14:28:10,2011-04-22 16:27:29,159,11.3658799,48.178704,11.3610049,48.179396,33.55
354,3,0,1345.0,1346.0,00:16:56,00:00:48,2.65,14.03,13.03,2011-04-22 12:20:42,2011-04-22 12:38:26,219,11.7086506,48.1740299,11.7091922,48.1693133,6.14
354,3,1,306.0,306.0,00:03:59,00:00:53,2.22,4.25,1.25,2011-04-22 12:38:39,2011-04-22 12:43:31,52,11.7091399,48.1693307,11.7112617,48.1674593,5.88
354,4,0,8576.0,8577.0,00:23:10,00:03:05,8.57,33.08,27.08,2011-04-20 11:11:44,2011-04-20 11:37:59,316,11.462022,48.1771029,11.55326,48.1537449,27.14
354,5,0,8685.0,8685.0,00:26:25,00:03:12,7.97,29.92,35.92,2011-04-20 09:12:00,2011-04-20 09:41:37,356,11.5531389,48.153739,11.461895,48.177096,24.40
354,6,0,8576.0,8577.0,00:23:10,00:03:05,8.57,33.08,27.08,2011-04-20 11:11:44,2011-04-20 11:37:59,316,11.462022,48.1771029,11.55326,48.1537449,27.14
354,7,0,4312.0,4312.0,00:25:53,,2.81,6.33,19.33,2011-04-20 17:36:24,2011-04-20 18:02:17,32,11.381381,48.064175,11.406584,48.092167,134.74
354,8,0,17377.0,17380.0,00:24:13,00:29:29,29.98,37.95,39.95,2010-06-04 12:44:02,2010-06-04 13:37:44,179,11.5542699,48.152877,11.361044,48.169893,97.08
354,9,0,16807.0,16809.0,00:24:28,00:01:09,32.03,46.21,45.21,2010-06-04 04:05:20,2010-06-04 04:30:57,194,11.361958,48.169545,11.5532699,48.153873,86.64
355,0,0,282.0,282.0,,,0.00,2.54,1.54,,,172,11.3828344,48.1313196,11.3808872,48.1297878,1.64
355,1,0,1945.0,1946.0,00:09:13,00:01:35,6.88,13.93,18.93,2011-04-19 04:18:49,2011-04-19 04:29:37,131,11.5561522,48.1415921,11.5531202,48.1539151,14.85
355,2,0,0.0,0.0,,00:01:56,0.00,0.00,0.00,2009-10-01 23:03:01,2009-10-01 23:04:57,25,11.543573,48.141331,11.543573,48.141331,0.00
355,3,0,2915.0,2915.0,00:39:51,00:20:05,2.13,6.42,5.42,2009-10-01 06:42:00,2009-10-01 07:41:56,720,11.551298,48.14091,11.540701,48.141289,4.05
355,3,1,0.0,0.0,,00:00:14,0.00,0.00,0.00,2009-10-01 07:45:45,2009-10-01 07:45:59,4,11.540708,48.141284,11.540708,48.141284,0.00
355,3,2,0.0,0.0,,,0.00,0.00,0.00,2009-10-01 08:11:03,2009-10-01 08:11:03,1,11.540708,48.141284,11.540708,48.141284,0.00
355,3,3,82.0,82.0,00:00:45,00:00:21,0.00,0.00,0.00,2009-10-01 08:11:08,2009-10-01 08:12:14,14,11.437716,48.1576,11.437776,48.157553,5.82
355,3,4,0.0,0.0,,00:00:20,0.00,0.00,0.00,2009-10-01 11:37:14,2009-10-01 11:37:34,5,11.437778,48.157558,11.437778,48.157558,0.00
355,3,5,4831.0,4831.0,01:02:36,02:40:44,1.80,11.05,11.05,2009-10-01 11:37:35,2009-10-01 15:20:55,2678,11.436265,48.158429,11.432821,48.159657,1.80
355,3,6,0.0,0.0,,,0.00,0.00,0.00,2009-10-01 15:21:00,2009-10-01 15:21:00,1,11.432717,48.159879,11.432717,48.159879,0.00
355,3,7,323.0,323.0,00:05:25,00:04:50,1.51,0.00,0.00,2009-10-01 15:21:02,2009-10-01 15:31:17,124,11.432724,48.159905,11.432785,48.15976,2.60
355,3,8,0.0,0.0,,00:00:25,0.00,0.00,0.00,2009-10-01 15:31:19,2009-10-01 15:31:44,6,11.432723,48.159647,11.432723,48.159647,0.00
355,3,9,966.0,966.0,00:16:40,00:32:55,1.15,2.46,2.46,2009-10-01 15:31:48,2009-10-01 16:21:23,595,11.432701,48.159684,11.432694,48.159873,1.62
355,3,10,0.0,0.0,,00:00:40,0.00,0.00,0.00,2009-10-01 16:21:28,2009-10-01 16:22:08,9,11.432707,48.159871,11.432707,48.159871,0.00
355,3,11,190.0,190.0,00:03:50,00:03:35,1.16,0.00,0.00,2009-10-01 16:22:10,2009-10-01 16:29:35,90,11.432578,48.159854,11.432684,48.159707,2.12
355,3,12,0.0,0.0,,00:01:20,0.00,0.00,0.00,2009-10-01 16:29:36,2009-10-01 16:30:56,17,11.4327,48.159698,11.4327,48.159698,0.00
355,3,13,293.0,293.0,00:05:35,00:10:15,0.93,1.39,0.39,2009-10-01 16:30:59,2009-10-01 16:46:49,191,11.43259,48.159749,11.432454,48.159756,1.53
355,3,14,0.0,0.0,,00:00:45,0.00,0.00,0.00,2009-10-01 16:46:51,2009-10-01 16:47:36,10,11.432469,48.15975,11.432469,48.15975,0.00
355,3,15,301.0,301.0,00:04:45,00:02:25,1.74,0.18,3.18,2009-10-01 16:47:39,2009-10-01 16:54:49,87,11.432461,48.159762,11.431018,48.160665,3.46
355,3,16,0.0,0.0,,00:00:30,0.00,0.00,0.00,2009-10-01 16:54:50,2009-10-01 16:55:20,7,11.431337,48.160549,11.431337,48.160549,0.00
355,3,17,205.0,205.0,00:02:00,00:07:20,1.67,3.00,0.00,2009-10-01 16:55:22,2009-10-01 17:04:42,113,11.43129,48.160617,11.432423,48.159779,1.81
356,0,0,850.0,850.0,00:16:16,00:09:25,1.34,1.81,1.81,2009-10-01 17:04:47,2009-10-01 17:30:28,308,11.432427,48.159784,11.432351,48.159828,2.76
356,0,1,0.0,0.0,,,0.00,0.00,0.00,2009-10-01 17:30:32,2009-10-01 17:30:32,1,11.432367,48.159806,11.432367,48.159806,0.00
356,0,2,312.0,313.0,00:04:20,00:01:00,2.00,0.00,2.00,2009-10-01 17:30:33,2009-10-01 17:35:53,65,11.4321,48.159761,11.43249,48.160081,4.81
356,0,3,0.0,0.0,,00:00:35,0.00,0.00,0.00,2009-10-01 17:35:58,2009-10-01 17:36:33,8,11.43249,48.159855,11.43249,48.159855,0.00
356,0,4,290.0,290.0,00:04:10,00:01:10,1.75,1.19,0.19,2009-10-01 17:36:37,2009-10-01 17:41:57,65,11.432511,48.159806,11.432094,48.159945,4.46
356,0,5,0.0,0.0,,00:08:50,0.00,0.00,0.00,2009-10-01 17:42:01,2009-10-01 17:50:51,107,11.432203,48.159738,11.432203,48.159738,0.00
356,0,6,1011.0,1011.0,00:08:35,00:00:10,3.46,6.24,2.24,2009-10-01 17:50:56,2009-10-01 17:59:41,106,11.436926,48.157853,11.431856,48.159864,9.53
356,0,7,0.0,0.0,,00:00:55,0.00,0.00,0.00,2009-10-01 17:59:44,2009-10-01 18:00:39,12,11.43213,48.159702,11.43213,48.159702,0.00
356,0,8,655.0,655.0,00:11:07,00:03:26,1.38,1.09,2.09,2009-10-01 18:00:41,2009-10-01 18:15:14,175,11.432157,48.15966,11.432516,48.159673,3.74
356,0,9,0.0,0.0,,00:01:03,0.00,0.00,0.00,2009-10-01 18:16:28,2009-10-01 18:17:31,14,11.432687,48.159792,11.432687,48.159792,0.00
356,0,10,10224.0,10224.0,01:05:49,00:28:25,5.23,29.40,24.40,2009-10-01 18:17:35,2009-10-01 19:51:49,1131,11.432489,48.159696,11.530905,48.140379,9.04
356,0,11,0.0,0.0,,00:00:05,0.00,0.00,0.00,2009-10-01 19:51:52,2009-10-01 19:51:57,2,11.527636,48.141023,11.527636,48.141023,0.00
356,0,12,2254.0,2254.0,00:32:08,00:17:45,1.55,3.21,13.21,2009-10-01 19:52:00,2009-10-01 20:41:53,599,11.530993,48.142931,11.539581,48.141675,3.76
356,0,13,0.0,0.0,,00:00:45,0.00,0.00,0.00,2009-10-01 20:41:57,2009-10-01 20:42:42,10,11.539622,48.141535,11.539622,48.141535,0.00
356,0,14,492.0,492.0,00:03:35,00:00:20,4.48,1.49,3.49,2009-10-01 20:42:44,2009-10-01 20:46:39,48,11.539629,48.14143,11.545201,48.141343,10.25
356,0,15,0.0,0.0,,00:48:40,0.00,0.00,0.00,2009-10-01 20:46:43,2009-10-01 21:35:23,585,11.543573,48.141331,11.543573,48.141331,0.00
356,1,0,21641.0,21643.0,00:25:52,00:04:00,21.11,68.66,92.66,2009-07-28 17:46:06,2009-07-28 18:15:58,359,11.361295,48.114071,11.551081,48.113352,60.28
356,1,1,0.0,0.0,,00:00:15,0.00,0.00,0.00,2009-07-28 18:16:01,2009-07-28 18:16:16,4,11.545164,48.11192,11.545164,48.11192,0.00
356,1,2,7605.0,7606.0,00:06:35,,26.50,45.07,10.07,2009-07-28 18:16:17,2009-07-28 18:22:52,80,11.554742,48.11223,11.595156,48.061637,95.06
356,2,0,18681.0,18684.0,,,0.00,115.50,49.50,,,1321,11.475563,48.2205141,11.5245248,48.0936742,14.14
357,0,0,50414.0,50428.0,,,0.00,186.28,244.28,,,2807,11.5246314,48.0936236,11.54216,48.193588,17.96
357,1,0,2480.0,2480.0,00:00:56,,44.65,1.01,7.01,2011-04-07 13:41:47,2011-04-07 13:42:43,29,11.387245,48.187885,11.361084,48.201799,85.51
357,2,0,15321.0,15323.0,00:19:28,00:00:22,36.02,49.08,61.08,2011-04-07 13:21:57,2011-04-07 13:41:47,580,11.556779,48.140528,11.387245,48.187885,26.42
357,3,0,435.0,436.0,00:05:10,00:00:22,3.28,10.06,0.06,2011-04-07 13:15:49,2011-04-07 13:21:21,167,11.55771,48.139581,11.55862,48.140511,2.61
357,4,0,393.0,393.0,00:04:24,00:05:30,2.21,0.00,4.00,2011-04-07 12:43:18,2011-04-07 12:53:12,298,11.647904,48.089172,11.644676,48.089036,1.32
357,5,0,630.0,630.0,00:05:30,00:00:28,3.56,2.53,3.53,2011-04-07 10:32:18,2011-04-07 10:38:16,180,11.649255,48.090777,11.650696,48.089747,3.50
357,6,0,1301.0,1301.0,00:12:34,00:00:22,2.88,3.09,4.09,2011-04-07 07:46:14,2011-04-07 07:59:10,389,11.64904,48.09063,11.651134,48.088937,3.34
357,7,0,1066.0,1066.0,00:08:54,00:00:06,3.84,2.39,4.39,2011-04-07 07:35:28,2011-04-07 07:44:28,271,11.6462,48.08627,11.649022,48.090788,3.93
357,8,0,11723.0,11723.0,00:06:40,,43.74,46.02,25.02,2011-04-07 06:59:40,2011-04-07 07:06:20,201,11.460248,48.21003,11.546018,48.141611,58.32
357,9,0,2854.0,2854.0,00:01:05,,44.55,12.00,0.00,2011-04-07 06:58:35,2011-04-07 06:59:40,33,11.45061,48.234895,11.460248,48.21003,86.48
357,10,0,1504.0,1504.0,00:00:34,,0.00,3.60,0.60,2011-04-07 06:58:01,2011-04-07 06:58:35,18,11.446034,48.248065,11.45061,48.234895,83.53
357,11,0,119.0,119.0,00:00:38,00:00:14,0.00,0.00,2.00,2011-03-15 16:08:34,2011-03-15 16:09:26,27,11.646973,48.088375,11.645595,48.088768,4.39
358,0,0,67.0,67.0,00:01:10,00:00:30,1.56,0.00,0.00,2011-03-15 16:09:28,2011-03-15 16:11:08,51,11.64558,48.088789,11.645384,48.088957,1.32
358,1,0,1082.0,1082.0,00:09:30,00:00:44,3.32,5.33,3.33,2011-03-15 08:40:14,2011-03-15 08:50:28,305,11.643595,48.09027,11.651662,48.09112,3.55
358,2,0,12721.0,12723.0,00:14:31,00:01:16,30.26,71.29,46.29,2011-03-15 08:02:34,2011-03-15 08:18:21,473,11.461265,48.207141,11.55888,48.139493,26.89
358,3,0,3683.0,3683.0,00:01:36,,38.80,14.48,0.48,2011-03-15 08:00:58,2011-03-15 08:02:34,49,11.448695,48.239207,11.461265,48.207141,75.16
358,4,0,996.0,996.0,00:00:26,,0.00,2.73,1.73,2011-03-15 08:00:32,2011-03-15 08:00:58,14,11.445912,48.247967,11.448695,48.239207,71.14
358,5,0,25782.0,25786.0,,,0.00,88.61,180.61,,,693,11.5723988,48.0618886,11.6385889,48.2482103,37.20
358,6,0,811.0,812.0,00:03:27,00:01:26,6.65,4.71,8.71,2011-04-14 17:22:52,2011-04-14 17:27:45,293,11.451073,48.1468126,11.4565413,48.15157,2.77
358,6,1,9440.0,9441.0,00:38:48,00:13:13,6.18,43.45,50.45,2011-04-14 17:27:48,2011-04-14 18:19:49,3122,11.4567309,48.1514813,11.5230695,48.1492721,3.02
359,0,0,1191.0,1191.0,00:06:40,00:05:14,5.25,11.29,7.29,2011-04-14 18:19:50,2011-04-14 18:31:44,715,11.5230693,48.1492721,11.5319626,48.150421,1.67
359,1,0,112190.0,112219.0,,,0.00,467.69,448.69,,,2295,11.6073016,48.1312032,11.6038202,48.0823719,48.88
359,2,0,22070.0,22076.0,01:13:09,02:24:01,6.00,162.60,164.60,2011-04-10 11:04:16,2011-04-10 14:41:26,1486,11.6374592,48.1174836,11.6393292,48.1162962,14.85
359,3,0,2317.0,2318.0,00:03:20,00:01:38,18.24,18.10,27.10,2011-04-08 09:41:48,2011-04-08 09:46:46,167,11.57524,48.11016,11.55352,48.1124,13.87
359,3,1,3885.0,3886.0,00:06:33,,15.58,24.73,23.73,2011-04-08 09:47:38,2011-04-08 09:54:11,337,11.54245,48.11143,11.52103,48.12368,11.53
35,0,0,22062.0,22068.0,00:13:53,,33.42,107.27,33.27,2014-08-02 15:45:29,2014-08-02 15:59:22,310,11.6317859,48.219693,11.706058,48.061644,71.17
35,1,0,13342.0,13347.0,00:59:26,00:00:04,5.18,119.59,120.59,2014-08-18 19:04:03,2014-08-18 20:03:33,3571,11.5438117,48.1324996,11.5438652,48.1325263,3.74
35,2,0,37495.0,37524.0,,,0.00,208.15,261.15,,,1119,11.5743499,48.0879519,11.598956,48.149074,33.51
360,0,0,7365.0,7366.0,00:05:28,,23.94,37.30,33.30,2011-04-08 09:54:11,2011-04-08 09:59:39,324,11.52083,48.12368,11.43032,48.12828,22.73
360,0,1,5678.0,5678.0,00:03:58,,25.25,29.56,25.56,2011-04-08 09:59:52,2011-04-08 10:03:50,239,11.4272,48.12944,11.36086,48.11414,23.76
360,1,0,16838.0,16840.0,00:15:15,00:01:01,27.64,74.94,98.94,2011-04-10 15:36:22,2011-04-10 15:52:38,871,11.36085,48.11399,11.5444,48.11179,19.33
360,1,1,2148.0,2149.0,00:04:21,00:04:47,17.10,24.29,17.29,2011-04-10 15:53:27,2011-04-10 16:02:35,184,11.55501,48.11229,11.57398,48.10987,11.68
360,2,0,173428.0,173456.0,,,0.00,500.30,490.30,,,3382,11.648575,48.166411,11.3688716,48.1677833,51.28
361,0,0,164186.0,164250.0,,,0.00,582.01,628.01,,,4057,11.36927,48.1676683,11.67807,48.235242,40.47
361,1,0,138.0,138.0,,5489:58:55,0.00,0.00,3.00,2011-04-03 18:16:02,2011-11-18 12:14:57,10,11.5077012,48.1761187,11.5072157,48.1757073,13.78
361,2,0,13364.0,13369.0,00:10:49,00:04:01,34.60,119.73,79.73,2011-04-01 17:10:07,2011-04-01 17:24:57,592,11.5551817,48.1419503,11.5635341,48.0619186,22.57
361,3,0,8404.0,8407.0,00:05:56,00:00:40,33.28,50.30,81.30,2011-04-01 05:46:50,2011-04-01 05:53:26,341,11.5635985,48.0618005,11.5366208,48.1187278,24.64
362,0,0,11331.0,11333.0,,,0.00,90.67,54.67,,,1817,11.678056,48.235183,11.643663,48.163071,6.24
362,1,0,2989.0,3014.0,00:06:17,00:03:06,15.09,16.34,22.34,2011-03-29 16:39:10,2011-03-29 16:48:33,3183,11.645978,48.07919,11.644587,48.097666,0.94
363,0,0,3733.0,3757.0,00:08:00,00:01:42,13.68,10.32,27.32,2011-03-29 16:48:33,2011-03-29 16:58:15,3272,11.644587,48.097666,11.662851,48.121784,1.14
363,1,0,49107.0,49110.0,00:24:41,00:04:06,6.15,46.43,55.43,2010-12-05 17:45:09,2010-12-05 18:13:56,1728,11.5287098,48.1498154,11.4776213,48.1597807,28.42
364,0,0,10130.0,10131.0,00:53:30,00:19:49,4.65,55.96,46.96,2010-12-05 18:13:57,2010-12-05 19:27:16,4400,11.4776307,48.1597513,11.5288023,48.1497803,2.30
364,0,1,2366.0,2366.0,00:09:27,00:00:32,5.71,15.86,21.86,2010-12-07 18:46:55,2010-12-07 18:56:54,600,11.5527921,48.1425427,11.5300714,48.1404396,3.94
365,0,0,3739.0,3739.0,00:17:44,00:26:18,5.92,23.50,20.50,2010-12-07 18:56:55,2010-12-07 19:40:57,1413,11.5299998,48.1404489,11.5288512,48.1498016,2.65
365,1,0,102504.0,102546.0,,,0.00,290.93,250.93,,,1436,11.633331,48.1001469,11.4335466,48.0779088,71.38
365,2,0,2843.0,2847.0,00:01:33,,33.38,30.13,41.13,2011-03-25 06:47:27,2011-03-25 06:49:00,74,11.5637004,48.0617094,11.5370446,48.0742996,38.42
365,3,0,5443.0,5443.0,00:04:17,00:01:36,31.75,5.57,41.57,2011-03-23 06:48:47,2011-03-23 06:54:40,247,11.5318733,48.074364,11.5367549,48.1194627,22.04
365,4,0,6396.0,6400.0,00:04:12,00:00:46,33.76,48.36,72.36,2011-03-22 06:46:26,2011-03-22 06:51:24,250,11.563577,48.0618757,11.5354567,48.1008589,25.58
365,5,0,9933.0,9934.0,00:33:04,00:12:09,7.11,55.26,24.26,2011-03-20 14:00:13,2011-03-20 14:45:26,1426,11.45347,48.23501,11.45979,48.17297,6.97
365,6,0,896.0,896.0,00:11:27,00:00:46,4.11,4.90,3.90,2011-03-19 13:46:44,2011-03-19 13:58:57,154,11.46178,48.17486,11.45985,48.17288,5.82
366,0,0,327792.0,327898.0,,,0.00,1065.62,1105.62,,,4900,11.4335469,48.0779054,11.44186,48.127955,66.90
366,1,0,586.0,586.0,00:01:36,00:00:15,9.68,4.72,4.72,2011-03-11 19:24:31,2011-03-11 19:26:22,100,11.479668,48.1818101,11.4797176,48.1818542,5.86
367,0,0,210061.0,210111.0,,,0.00,813.35,829.35,,,5000,11.4422279,48.127958,11.49794,48.159806,42.01
368,0,0,3660.0,3661.0,,,0.00,20.71,22.71,,,5000,11.49793,48.159817,11.503028,48.158646,0.73
369,0,0,16818.0,16820.0,,,0.00,84.02,69.02,,,5000,11.503039,48.158636,11.430107,48.136206,3.36
36,0,0,50154.0,50169.0,,,0.00,246.34,236.34,,,1595,11.598709,48.149185,11.5763261,48.1621421,31.44
36,1,0,7726.0,7729.0,00:18:03,,8.80,48.96,96.96,2014-08-03 09:45:03,2014-08-03 10:03:06,1084,11.5723184,48.0616409,11.5519699,48.1123739,7.13
36,1,1,12080.0,12085.0,00:34:58,00:04:55,9.01,95.34,113.34,2014-08-03 10:04:59,2014-08-03 10:44:52,2321,11.5417929,48.1113443,11.5623268,48.1772975,5.20
370,0,0,1511.0,1511.0,,,0.00,3.18,3.18,,,5000,11.430106,48.136204,11.430018,48.136277,0.30
371,0,0,728.0,728.0,,,0.00,1.84,1.84,,,5000,11.430023,48.136271,11.43011,48.136107,0.15
372,0,0,624.0,624.0,,,0.00,1.30,1.30,,,5000,11.43011,48.136107,11.430134,48.136119,0.12
373,0,0,387.0,387.0,,,0.00,0.00,0.00,,,5000,11.430134,48.136119,11.430163,48.135996,0.08
374,0,0,38152.0,38173.0,,,0.00,113.49,137.49,,,5000,11.430164,48.135996,11.5358317,48.1693886,7.63
375,0,0,412094.0,412152.0,,,0.00,1117.64,1138.64,,,4509,11.535724,48.1693729,11.520459,48.216765,91.39
375,1,0,139.0,139.0,00:01:35,00:00:03,0.00,1.00,0.00,2011-03-01 09:31:39,2011-03-01 09:33:17,13,11.413661,48.155263,11.41425,48.15631,10.66
375,2,0,58.0,58.0,00:00:40,00:00:08,0.00,0.00,0.00,2011-03-01 09:30:39,2011-03-01 09:31:27,8,11.414067,48.155499,11.413659,48.155262,7.23
375,3,0,58.0,58.0,00:00:40,00:00:08,0.00,0.00,0.00,2011-03-01 09:30:39,2011-03-01 09:31:27,8,11.414067,48.155499,11.413659,48.155262,7.23
375,4,0,121.0,121.0,00:01:17,00:00:08,0.00,0.00,0.00,2011-03-01 09:22:39,2011-03-01 09:24:04,12,11.415823,48.155332,11.414414,48.155251,10.07
375,5,0,621.0,621.0,00:06:39,00:00:09,1.86,2.88,2.88,2011-03-01 09:15:02,2011-03-01 09:21:50,43,11.416242,48.155312,11.41615,48.15535,14.44
375,6,0,5481.0,5482.0,00:11:01,00:00:42,14.67,18.27,38.27,2011-02-02 12:23:54,2011-02-02 12:35:37,407,11.513804,48.111486,11.49039,48.144448,13.47
376,0,0,14709.0,14709.0,00:13:13,00:00:51,33.32,40.80,69.80,2011-02-02 12:35:38,2011-02-02 12:49:42,675,11.490192,48.144472,11.36093,48.226178,21.79
376,1,0,6822.0,6824.0,00:10:37,00:02:09,16.34,42.48,50.48,2011-02-02 12:06:51,2011-02-02 12:19:37,421,11.554594,48.09089,11.532486,48.110465,16.20
376,2,0,5628.0,5630.0,00:12:33,00:04:13,14.91,56.99,30.99,2011-02-02 07:27:29,2011-02-02 07:44:15,408,11.58985,48.127666,11.554624,48.090876,13.80
376,3,0,5853.0,5854.0,00:13:50,00:08:48,14.46,20.05,45.05,2011-02-01 16:25:40,2011-02-01 16:48:18,428,11.554374,48.090729,11.589864,48.127768,13.68
376,4,0,19383.0,19386.0,00:23:19,00:02:15,24.21,125.28,64.28,2011-02-01 11:13:01,2011-02-01 11:38:35,1061,11.624386,48.211494,11.554932,48.090851,18.27
376,5,0,95215.0,95267.0,,,0.00,357.94,335.94,,,2007,11.64608,48.19634,11.5491999,48.089186,47.44
377,0,0,145502.0,145562.0,,,0.00,508.44,501.44,,,4781,11.54962,48.089657,11.531957,48.120747,30.43
377,1,0,1536.0,1536.0,00:01:51,00:14:34,15.40,2.23,2.23,2011-02-18 18:40:47,2011-02-18 18:57:12,52,11.3702421,48.1415519,11.3703651,48.1412658,29.55
377,2,0,6116.0,6117.0,00:04:56,00:00:02,28.33,33.33,12.33,2009-10-08 04:24:51,2009-10-08 04:29:49,167,11.6158883,48.112785,11.63688,48.0616583,36.62
378,0,0,673857.0,674027.0,,,0.00,1428.11,1440.11,,,5000,11.531932,48.12074,11.6203322,48.1538134,134.77
379,0,0,78881.0,78913.0,,,0.00,167.87,159.87,,,3821,11.6202488,48.1538082,11.6082694,48.1298339,20.64
379,1,0,15624.0,15629.0,00:46:23,,7.70,155.44,111.44,2011-02-12 05:45:53,2011-02-12 06:32:16,1179,11.5069275,48.1202484,11.3608902,48.0700589,13.25
37,0,0,13.0,13.0,00:00:10,00:10:09,0.00,0.00,0.00,2014-08-03 10:44:53,2014-08-03 10:55:12,620,11.5623269,48.1772975,11.5622317,48.1773327,0.02
37,0,1,28.0,28.0,00:00:24,00:00:04,0.00,0.00,0.00,2014-08-03 11:24:51,2014-08-03 11:25:19,10,11.5622359,48.1777174,11.5622366,48.1775396,2.84
37,0,2,0.0,0.0,,00:00:04,0.00,0.00,0.00,2014-08-03 11:41:27,2014-08-03 11:41:31,5,11.5623414,48.1776717,11.5623401,48.1776735,0.04
37,0,3,8.0,8.0,00:00:04,,0.00,0.00,0.00,2014-08-03 11:57:02,2014-08-03 11:57:06,5,11.5622934,48.1781744,11.5623174,48.1781092,1.52
37,0,4,396.0,397.0,00:02:58,00:01:41,2.87,1.99,2.99,2014-08-03 12:44:29,2014-08-03 12:49:08,170,11.5623368,48.1765035,11.5625558,48.1761197,2.33
37,0,5,642.0,642.0,00:09:55,00:00:50,1.75,4.34,11.34,2014-08-03 12:50:09,2014-08-03 13:00:54,637,11.5625753,48.1762286,11.556528,48.1771445,1.01
37,1,0,21037.0,21045.0,01:01:31,02:11:22,9.17,142.74,208.74,2014-08-03 09:45:05,2014-08-03 12:57:58,3553,11.5723571,48.0616302,11.5571374,48.1777153,5.92
380,0,0,89550.0,89586.0,,,0.00,321.76,328.76,,,5000,11.6082559,48.1298364,11.555792,48.098948,17.91
381,0,0,3947.0,3947.0,,,0.00,3.10,1.10,,,5000,11.555812,48.098938,11.555667,48.097163,0.79
382,0,0,3782.0,3783.0,,,0.00,16.14,13.14,,,5000,11.555662,48.09716,11.551808,48.099942,0.76
383,0,0,117380.0,117408.0,,,0.00,351.22,341.22,,,5000,11.551808,48.099942,11.4865475,48.1238225,23.48
384,0,0,53386.0,53392.0,,,0.00,192.93,159.93,,,970,11.4862562,48.1238183,11.572323,48.061974,55.04
384,1,0,3467.0,3468.0,01:18:56,00:02:20,2.35,14.29,11.29,2011-02-07 12:47:26,2011-02-07 14:08:42,843,11.721138,48.1764968,11.7224095,48.1745058,4.11
384,1,1,36.0,36.0,00:00:16,,0.00,0.00,0.00,2011-02-07 14:33:10,2011-02-07 14:33:26,8,11.722116,48.1757828,11.7221963,48.1756619,4.46
384,2,0,2579.0,2580.0,00:05:27,00:04:45,16.95,27.56,32.56,2011-02-05 10:24:27,2011-02-05 10:34:39,227,11.573059,48.110035,11.553758,48.112416,11.36
384,2,1,3172.0,3173.0,00:06:27,00:01:41,16.41,23.67,30.67,2011-02-05 10:35:33,2011-02-05 10:43:41,261,11.542299,48.111379,11.544871,48.111947,12.15
384,2,2,6898.0,6900.0,00:11:45,00:13:48,17.09,53.31,56.31,2011-02-05 10:44:30,2011-02-05 11:10:03,540,11.554862,48.112229,11.553822,48.112422,12.77
384,2,3,10191.0,10192.0,00:10:54,00:01:09,23.29,49.11,53.11,2011-02-05 11:11:39,2011-02-05 11:23:42,609,11.535053,48.110717,11.429793,48.128453,16.73
384,2,4,5537.0,5538.0,00:03:54,,25.90,31.89,27.89,2011-02-05 11:23:52,2011-02-05 11:27:46,228,11.427168,48.129439,11.360978,48.114163,24.28
384,3,0,18842.0,18844.0,00:34:39,00:29:40,27.30,91.71,109.71,2011-02-06 14:25:41,2011-02-06 15:30:00,1314,11.361047,48.114036,11.502892,48.135945,14.34
385,0,0,6028.0,6029.0,00:08:32,00:01:11,19.45,36.19,42.19,2011-02-06 15:30:02,2011-02-06 15:39:45,453,11.502899,48.135883,11.544468,48.111796,13.31
385,0,1,2074.0,2075.0,00:03:14,00:01:37,19.05,23.57,16.57,2011-02-06 15:40:30,2011-02-06 15:45:21,152,11.555064,48.112218,11.574057,48.109912,13.65
385,1,0,17747.0,17758.0,,,0.00,80.94,78.94,,,4395,11.619336,48.158155,11.629482,48.153293,4.04
386,0,0,115052.0,115088.0,,,0.00,279.34,296.34,,,5000,11.629409,48.153279,11.6531183,48.20647,23.01
387,0,0,176383.0,176470.0,,,0.00,593.58,524.58,,,2940,11.65276,48.2066733,11.3724968,48.0976672,59.99
387,1,0,2545.0,2546.0,00:34:06,111:48:48,1.60,7.16,8.16,2011-01-30 23:33:59,2011-02-04 15:56:53,87,11.6299943,48.147068,11.6304225,48.1470031,29.26
387,2,0,25076.0,25078.0,00:13:22,,37.57,8.00,94.00,2010-10-15 15:36:24,2010-10-15 15:49:46,51,11.707658,48.06218,11.642841,48.247971,491.68
387,3,0,12109.0,12109.0,00:10:06,00:00:34,31.62,53.62,26.62,2011-01-23 11:02:14,2011-01-23 11:12:54,572,11.360823,48.225966,11.469749,48.153949,21.17
387,4,0,2279.0,2280.0,00:03:28,00:01:05,18.65,18.40,27.40,2011-01-22 09:50:36,2011-01-22 09:55:09,167,11.575013,48.110251,11.553602,48.112351,13.65
387,4,1,10820.0,10821.0,00:11:15,,23.05,57.24,52.24,2011-01-22 09:56:01,2011-01-22 10:07:16,608,11.542173,48.111281,11.429824,48.128441,17.80
387,4,2,5586.0,5586.0,00:03:52,,25.21,10.41,35.41,2011-01-22 10:07:27,2011-01-22 10:11:19,225,11.427256,48.12938,11.402481,48.15822,24.83
387,4,3,9433.0,9434.0,00:06:07,,28.33,27.25,44.25,2011-01-22 10:12:50,2011-01-22 10:18:57,350,11.420267,48.170704,11.361059,48.226052,26.95
388,0,0,131200.0,131248.0,,,0.00,284.68,327.68,,,4018,11.3725656,48.0976192,11.504341,48.151741,32.65
388,1,0,1472.0,1472.0,00:00:45,,37.10,21.11,0.11,2011-01-17 09:27:53,2011-01-17 09:28:38,23,11.7222,48.0702,11.7067,48.062,64.00
388,2,0,1499.0,1499.0,00:00:54,,31.47,0.47,20.47,2011-01-17 07:33:25,2011-01-17 07:34:19,27,11.7067,48.0617,11.7225,48.07,55.50
388,3,0,3697.0,3698.0,00:49:18,00:00:50,2.41,10.42,11.42,2011-01-16 14:44:18,2011-01-16 15:34:26,804,11.7210935,48.1736937,11.7205835,48.1734619,4.60
388,4,0,16462.0,16463.0,01:38:51,,2.97,55.95,11.95,2011-01-15 22:04:34,2011-01-15 23:43:25,128,11.4502999,48.2468799,11.5757999,48.1370099,128.61
389,0,0,12043.0,12046.0,,,0.00,93.59,34.59,,,646,11.50411,48.151348,11.521123,48.06167,18.64
389,1,0,1023.0,1024.0,00:08:48,,2.29,7.06,13.06,2011-01-07 09:25:21,2011-01-07 09:34:09,529,11.4645482,48.2034296,11.4621557,48.2081371,1.93
389,1,1,1009.0,1009.0,00:07:57,,2.46,5.18,3.18,2011-01-07 09:34:09,2011-01-07 09:42:06,478,11.4621557,48.2081371,11.4750454,48.2095223,2.11
389,1,2,1009.0,1009.0,00:08:14,,2.47,12.30,4.30,2011-01-07 09:42:06,2011-01-07 09:50:20,495,11.4750454,48.2095223,11.4828696,48.2034274,2.04
389,1,3,1003.0,1003.0,00:08:36,,2.19,5.74,8.74,2011-01-07 09:50:20,2011-01-07 09:58:56,517,11.4828696,48.2034274,11.4925595,48.1999123,1.94
389,1,4,1003.0,1003.0,00:08:00,00:00:09,2.44,6.19,6.19,2011-01-07 09:58:56,2011-01-07 10:07:05,490,11.4925595,48.1999123,11.4827191,48.196893,2.05
389,1,5,1005.0,1005.0,00:09:41,,2.04,7.64,4.64,2011-01-07 10:07:05,2011-01-07 10:16:46,582,11.4827191,48.196893,11.4706241,48.1996856,1.73
389,1,6,1031.0,1032.0,00:08:31,00:00:03,2.54,12.31,11.31,2011-01-07 10:16:46,2011-01-07 10:25:20,515,11.4706241,48.1996856,11.4710693,48.2036769,2.00
389,1,7,1007.0,1007.0,00:08:35,,2.35,7.12,11.12,2011-01-07 10:25:20,2011-01-07 10:33:55,516,11.4710693,48.2036769,11.4825852,48.2001207,1.95
389,1,8,377.0,377.0,00:03:51,,1.94,4.85,3.85,2011-01-07 10:33:55,2011-01-07 10:37:46,232,11.4825852,48.2001207,11.4863148,48.198803,1.62
38,0,0,17490.0,17492.0,00:46:21,00:09:42,9.28,88.43,92.43,2014-08-03 12:57:59,2014-08-03 13:54:02,2731,11.5571317,48.1777267,11.3608331,48.1959419,6.40
38,1,0,91900.0,91926.0,,,0.00,267.84,326.84,,,2175,11.59837,48.06793,11.543751,48.1999095,42.25
38,2,0,6854.0,6854.0,00:03:46,,0.00,7.61,5.61,2014-07-07 13:06:49,2014-07-07 13:10:35,12,11.3699366,48.2206916,11.4541266,48.2045733,571.14
38,2,1,33819.0,33819.0,00:19:14,,33.49,70.67,16.67,2014-07-07 13:11:22,2014-07-07 13:30:36,35,11.4679233,48.206385,11.715445,48.066155,966.25
38,2,2,0.0,0.0,,,0.00,0.00,0.00,2014-07-22 11:52:43,2014-07-22 11:52:43,1,11.7216566,48.0695716,11.7216566,48.0695716,0.00
38,2,3,20918.0,20918.0,00:12:30,,32.71,7.38,19.38,2014-07-22 12:02:22,2014-07-22 12:14:52,36,11.7218766,48.1835433,11.4663566,48.20949,581.06
38,2,4,6838.0,6838.0,00:03:49,,0.00,4.74,4.74,2014-07-22 12:15:41,2014-07-22 12:19:30,10,11.451485,48.206515,11.3683383,48.22172,683.78
390,0,0,620.0,620.0,00:05:10,,2.21,2.57,3.57,2011-01-07 10:37:47,2011-01-07 10:42:57,311,11.4863029,48.1987881,11.4801643,48.1975136,1.99
390,0,1,1008.0,1008.0,00:09:19,00:00:01,2.11,11.18,3.18,2011-01-07 10:42:57,2011-01-07 10:52:17,561,11.4801643,48.1975136,11.4686558,48.200942,1.80
390,0,2,537.0,537.0,00:04:08,,2.80,1.69,10.69,2011-01-07 10:52:17,2011-01-07 10:56:25,249,11.4686558,48.200942,11.4642756,48.2034704,2.15
390,1,0,76060.0,76070.0,,,0.00,145.51,131.51,,,1565,11.366176,48.222839,11.5377701,48.1659232,48.60
390,2,0,0.0,0.0,,,0.00,0.00,0.00,2011-01-01 15:52:06,2011-01-01 15:52:06,1,11.6794106,48.1102252,11.6794106,48.1102252,0.00
390,2,1,1157.0,1157.0,00:16:00,00:00:30,1.51,6.43,6.43,2011-01-01 15:52:07,2011-01-01 16:08:37,990,11.6794146,48.1102228,11.6791669,48.1103724,1.17
390,2,2,0.0,0.0,,00:22:06,0.00,0.00,0.00,2011-01-01 16:16:46,2011-01-01 16:38:52,1323,11.6791669,48.1103724,11.6791669,48.1103724,0.00
391,0,0,117817.0,117877.0,,,0.00,279.31,282.31,,,4083,11.5377745,48.1659034,11.4605678,48.187506,28.86
391,1,0,9242.0,9242.0,00:05:21,,33.94,22.32,5.32,2010-12-26 20:09:42,2010-12-26 20:15:03,55,11.5327756,48.2476353,11.4577157,48.2077633,168.03
391,1,1,10959.0,10960.0,00:12:33,00:00:41,30.02,44.81,7.81,2010-12-26 20:15:04,2010-12-26 20:28:18,149,11.4577157,48.2077633,11.4564868,48.1370977,73.55
391,1,2,9215.0,9216.0,00:05:21,,34.07,24.13,7.13,2010-12-26 20:09:42,2010-12-26 20:15:03,63,11.532869,48.247654,11.458039,48.20768,146.28
391,1,3,10438.0,10438.0,00:12:04,00:00:53,29.68,50.33,14.33,2010-12-26 20:15:27,2010-12-26 20:28:24,223,11.452527,48.204632,11.456554,48.137093,46.81
391,2,0,24157.0,24157.0,00:11:16,,47.46,4.65,93.65,2010-07-05 10:13:51,2010-07-05 10:25:07,34,11.710663,48.063665,11.639964,48.242307,710.49
391,3,0,24871.0,24872.0,00:13:00,,37.28,93.68,4.68,2010-06-17 17:48:59,2010-06-17 18:01:59,33,11.641731,48.246232,11.708019,48.062581,753.67
391,4,0,24871.0,24872.0,00:13:00,,37.28,93.68,4.68,2010-06-17 17:48:59,2010-06-17 18:01:59,33,11.641731,48.246232,11.708019,48.062581,753.67
391,5,0,2444.0,2444.0,00:01:46,,25.79,7.06,12.06,2010-12-05 14:17:50,2010-12-05 14:19:36,106,11.360804,48.238536,11.388328,48.248172,23.06
391,6,0,6836.0,6837.0,00:09:42,00:01:38,25.47,19.18,45.18,2010-12-23 11:27:49,2010-12-23 11:39:09,221,11.5955089,48.0616401,11.5736541,48.1104505,30.93
392,0,0,51983.0,51990.0,,,0.00,192.88,195.88,,,4785,11.4605581,48.1874665,11.3897144,48.1959586,10.86
392,1,0,2174.0,2174.0,00:03:05,00:00:29,19.24,11.12,18.12,2010-12-21 21:08:26,2010-12-21 21:12:00,215,11.7059528,48.134305,11.7225748,48.1419665,10.11
393,0,0,252056.0,252088.0,,,0.00,284.05,289.05,,,1860,11.3896828,48.1957943,11.4231925,48.2049121,135.51
393,1,0,3567.0,3571.0,00:42:55,00:01:30,1.90,47.30,67.30,2010-08-01 06:04:05,2010-08-01 06:48:30,534,11.529786,48.081354,11.53915,48.061643,6.68
393,2,0,818.0,819.0,00:09:25,00:01:30,2.32,12.02,8.02,2010-07-31 10:46:25,2010-07-31 10:57:20,132,11.557927,48.139465,11.565504,48.139477,6.20
393,2,1,1207.0,1208.0,00:19:15,00:07:40,1.54,17.42,10.42,2010-07-31 10:57:32,2010-07-31 11:24:27,324,11.56636,48.138862,11.573739,48.136506,3.73
393,2,2,11133.0,11138.0,02:21:05,00:37:50,1.79,119.86,81.86,2010-07-31 13:12:04,2010-07-31 16:10:59,2148,11.573789,48.136675,11.52978,48.081968,5.18
393,2,3,5.0,5.0,00:00:05,,0.00,0.00,0.00,2010-07-31 18:20:57,2010-07-31 18:21:02,2,11.529826,48.08131,11.529832,48.081263,2.62
394,0,0,603348.0,603438.0,,,0.00,1377.17,1350.17,,,5000,11.421408,48.2050133,11.5656594,48.1391893,120.67
395,0,0,519149.0,519257.0,,,0.00,1385.28,1382.28,,,5000,11.5659984,48.139622,11.5563338,48.1298905,103.83
396,0,0,195620.0,195671.0,,,0.00,531.98,532.98,,,5000,11.5558985,48.1299735,11.56589,48.1391033,39.12
397,0,0,23884.0,23887.0,,,0.00,21.16,546.16,,,5000,11.5658666,48.1390783,11.550295,48.13276,4.78
399,0,0,4929.0,4930.0,00:33:41,00:00:06,2.95,25.63,27.63,2010-11-13 11:49:36,2010-11-13 12:23:23,1013,11.601963,48.176399,11.600347,48.175941,4.87
399,1,0,232039.0,232102.0,,,0.00,706.71,676.71,,,3256,11.6020784,48.1805376,11.591005,48.123688,71.27
399,2,0,23068.0,23070.0,02:49:02,18:27:54,16.76,49.03,66.03,2010-11-06 18:59:15,2010-11-07 16:16:11,378,11.59194,48.172215,11.636864,48.218236,61.03
399,3,0,11160.0,11160.0,00:06:51,,38.07,36.27,15.27,2027-05-04 11:00:18,2027-05-04 11:07:09,94,11.642493,48.247559,11.721951,48.183174,118.72
399,3,1,8904.0,8904.0,00:11:28,,34.50,13.75,22.75,2027-05-04 11:15:57,2027-05-04 11:27:25,41,11.72268,48.070404,11.652084,48.076176,217.17
399,3,2,1127.0,1128.0,00:01:57,,0.00,3.35,6.35,2027-05-04 11:27:46,2027-05-04 11:29:43,19,11.651569,48.07843,11.643952,48.086391,59.33
399,3,3,0.0,0.0,,,0.00,0.00,0.00,2027-05-04 11:30:40,2027-05-04 11:30:40,1,11.643867,48.086575,11.643867,48.086575,0.00
399,3,4,439.0,440.0,00:01:23,,0.00,0.92,0.92,2027-05-04 15:21:27,2027-05-04 15:22:50,5,11.647106,48.063229,11.641764,48.061768,87.90
399,3,5,0.0,0.0,,,0.00,0.00,0.00,2027-05-04 15:22:59,2027-05-04 15:22:59,1,11.641377,48.061726,11.641377,48.061726,0.00
399,3,6,11120.0,11120.0,00:06:23,,43.24,11.69,31.69,2027-05-04 15:40:05,2027-05-04 15:46:28,91,11.72193,48.183563,11.642665,48.247646,122.19
399,3,7,0.0,0.0,,,0.00,0.00,0.00,2027-08-07 13:10:46,2027-08-07 13:10:46,1,11.559838,48.176868,11.559838,48.176868,0.00
399,3,8,0.0,0.0,,,0.00,0.00,0.00,2027-08-07 13:13:07,2027-08-07 13:13:07,1,11.560074,48.177017,11.560074,48.177017,0.00
399,3,9,169.0,169.0,00:01:17,,0.00,0.00,2.00,2027-08-07 13:14:01,2027-08-07 13:15:18,6,11.560139,48.177071,11.558057,48.176987,28.09
399,3,10,1150.0,1150.0,00:05:36,,0.00,3.67,4.67,2027-08-07 13:15:25,2027-08-07 13:21:01,16,11.557971,48.177147,11.567455,48.176544,71.88
399,3,11,101.0,101.0,00:00:07,,0.00,2.00,0.00,2027-08-07 13:25:12,2027-08-07 13:25:19,2,11.596552,48.179455,11.597711,48.179935,50.55
399,3,12,106.0,106.0,00:00:07,,0.00,0.00,1.00,2027-08-07 13:25:35,2027-08-07 13:25:42,2,11.598376,48.180321,11.599685,48.180698,52.82
399,3,13,0.0,0.0,,,0.00,0.00,0.00,2027-08-07 13:26:20,2027-08-07 13:26:20,1,11.599599,48.181965,11.599599,48.181965,0.00
399,3,14,0.0,0.0,,,0.00,0.00,0.00,2027-08-07 13:26:50,2027-08-07 13:26:50,1,11.600586,48.182468,11.600586,48.182468,0.00
399,3,15,282.0,282.0,00:00:40,,0.00,0.33,0.33,2027-08-07 13:27:16,2027-08-07 13:27:56,5,11.602989,48.183636,11.606294,48.18354,56.38
399,3,16,103.0,104.0,00:00:14,,0.00,3.00,0.00,2027-08-07 13:28:20,2027-08-07 13:28:34,2,11.608676,48.184937,11.610027,48.185173,51.73
399,3,17,0.0,0.0,,,0.00,0.00,0.00,2027-08-07 13:28:45,2027-08-07 13:28:45,1,11.610435,48.185505,11.610435,48.185505,0.00
399,3,18,0.0,0.0,,,0.00,0.00,0.00,2027-08-07 13:28:48,2027-08-07 13:28:48,1,11.610585,48.185642,11.610585,48.185642,0.00
399,3,19,3980.0,3980.0,00:02:49,,36.37,0.43,9.43,2027-08-07 13:28:55,2027-08-07 13:31:44,36,11.611572,48.187252,11.629511,48.220932,110.56
399,3,20,2974.0,2974.0,00:01:46,,39.99,4.05,9.05,2027-08-07 13:31:51,2027-08-07 13:33:37,26,11.630283,48.222294,11.642815,48.247719,114.38
39,0,0,60989.0,61023.0,,,0.00,195.93,165.93,,,4944,11.5437158,48.1999604,11.545763,48.1299781,12.34
39,1,0,14962.0,14963.0,00:00:55,,274.10,38.65,20.65,2014-01-03 21:07:19,2014-01-03 21:08:14,56,11.5315264,48.2479515,11.7213605,48.2017518,267.18
3,0,0,1144.0,1145.0,,,0.00,11.78,7.78,,,500,11.6052201,48.140944,11.6141247,48.1365532,2.29
3,1,0,17189.0,17211.0,01:02:42,00:12:29,6.31,272.05,263.05,2015-05-07 09:30:33,2015-05-07 10:45:44,4500,11.5603587,48.1183739,11.6018743,48.1401526,3.82
400,0,0,91746.0,91780.0,,,0.00,422.11,427.11,,,2204,11.590505,48.123779,11.6534857,48.1126728,41.63
400,1,0,8537.0,8538.0,01:13:56,00:01:00,2.99,43.17,44.17,2010-11-01 14:14:52,2010-11-01 15:29:48,167,11.7225884,48.0952389,11.7193997,48.106722,51.12
400,2,0,16453.0,16460.0,02:50:17,01:15:59,2.03,143.69,148.69,2010-11-06 11:39:56,2010-11-06 15:46:12,2078,11.4879808,48.1026954,11.4756603,48.1082534,7.92
400,3,0,15085.0,15085.0,00:08:30,00:00:40,42.00,59.11,39.11,2010-11-02 05:42:44,2010-11-02 05:51:54,551,11.3610349,48.2020092,11.5352497,48.1422559,27.38
401,0,0,886.0,886.0,00:01:15,,13.70,5.31,12.31,2010-11-02 05:51:55,2010-11-02 05:53:10,76,11.5354678,48.1422421,11.5473319,48.1413782,11.66
401,0,1,0.0,0.0,,00:00:01,0.00,0.00,0.00,2010-11-05 13:29:27,2010-11-05 13:29:28,2,11.5474721,48.1413636,11.5474721,48.1413636,0.00
401,0,2,0.0,0.0,,,0.00,0.00,0.00,2010-11-05 13:29:31,2010-11-05 13:29:31,1,11.5474721,48.1413636,11.5474721,48.1413636,0.00
401,1,0,73.0,73.0,00:01:20,00:00:08,0.00,0.00,9.00,2010-11-03 14:41:32,2010-11-03 14:43:00,11,11.5030917,48.0651107,11.503605,48.0656146,6.61
401,2,0,175.0,175.0,00:02:37,,0.00,3.27,0.27,2010-10-28 11:08:15,2010-10-28 11:10:52,15,11.4969997,48.0737555,11.4948161,48.0734847,11.66
401,3,0,50229.0,50240.0,,,0.00,340.35,335.35,,,4357,11.587362,48.143275,11.516531,48.145217,11.53
401,4,0,1921.0,1922.0,00:45:20,00:04:38,1.89,8.74,5.74,2010-11-01 14:11:40,2010-11-01 15:01:38,538,11.7220692,48.1720225,11.7153235,48.1621384,3.57
402,0,0,604.0,604.0,00:07:10,00:00:24,1.87,1.31,3.31,2010-11-01 15:01:40,2010-11-01 15:09:14,228,11.7153039,48.1621652,11.7158119,48.1663065,2.65
402,1,0,1032.0,1032.0,00:04:23,,6.21,6.69,0.69,2010-11-01 14:31:36,2010-11-01 14:35:59,39,11.360944,48.195958,11.360798,48.187373,26.46
402,2,0,15640.0,15649.0,03:00:08,00:59:10,1.80,164.35,168.35,2010-10-31 10:37:13,2010-10-31 14:36:31,2869,11.4877843,48.1029586,11.4829835,48.1031074,5.45
402,3,0,21742.0,21765.0,,,0.00,24.63,90.63,,,1854,11.722721,48.070535,11.6095126,48.2113364,11.73
402,4,0,115.0,116.0,00:01:44,00:00:15,0.00,0.00,5.00,2010-10-31 13:48:39,2010-10-31 13:50:38,10,11.4971432,48.0723239,11.4975864,48.0732468,11.55
403,0,0,66164.0,66179.0,,,0.00,310.92,270.92,,,4911,11.609513,48.2113473,11.545347,48.09372,13.47
403,1,0,2288.0,2289.0,00:08:55,,6.16,10.64,12.64,2010-10-31 14:21:37,2010-10-31 14:30:32,89,11.361298,48.1626899,11.365916,48.17879,25.71
404,0,0,48015.0,48023.0,,,0.00,96.61,113.61,,,4097,11.545595,48.094166,11.589655,48.164623,11.72
404,1,0,18601.0,18603.0,00:37:19,00:02:35,18.20,61.48,54.48,2010-10-18 17:41:17,2010-10-18 18:21:11,432,11.361932,48.1695706,11.5664469,48.1359635,43.06
404,2,0,2113.0,2113.0,00:15:26,00:00:15,3.06,11.15,5.15,2010-10-30 09:35:30,2010-10-30 09:51:11,471,11.568776,48.168682,11.567667,48.16429,4.49
405,0,0,3803.0,3804.0,,,0.00,23.78,29.78,,,5000,11.589655,48.164623,11.601799,48.176992,0.76
406,0,0,4641.0,4642.0,,,0.00,15.24,29.24,,,5000,11.601806,48.176993,11.620311,48.199774,0.93
407,0,0,5553.0,5554.0,,,0.00,25.19,20.19,,,5000,11.620311,48.199774,11.593368,48.201935,1.11
408,0,0,21723.0,21749.0,,,0.00,119.52,47.52,,,4011,11.593214,48.201887,11.5639637,48.0616997,5.42
408,1,0,10875.0,10876.0,00:43:19,00:22:24,5.68,52.16,26.16,2009-09-19 07:05:53,2009-09-19 08:11:36,296,11.606851,48.1270795,11.6631168,48.0620065,36.74
408,2,0,10964.0,10966.0,00:38:19,01:29:25,7.00,64.20,64.20,2010-09-05 10:49:17,2010-09-05 12:57:01,442,11.399152,48.093094,11.399421,48.092793,24.80
408,3,0,1958.0,1958.0,00:24:47,02:00:54,1.84,8.93,6.93,2010-10-26 17:21:04,2010-10-26 19:46:45,179,11.503224,48.146301,11.502944,48.140583,10.94
408,4,0,1366.0,1366.0,00:07:07,00:00:14,5.34,5.98,12.98,2010-10-24 14:23:04,2010-10-24 14:30:25,72,11.583241,48.168859,11.592433,48.174224,18.97
409,0,0,9332.0,9333.0,01:01:57,00:00:19,3.19,42.12,46.12,2010-10-24 14:30:33,2010-10-24 15:32:49,483,11.59288,48.174009,11.598189,48.173916,19.32
409,1,0,3682.0,3683.0,00:16:44,00:00:27,5.02,18.18,14.18,2010-10-23 09:40:55,2010-10-23 09:58:06,160,11.583222,48.168839,11.566306,48.162668,23.01
409,2,0,148895.0,148946.0,,,0.00,410.36,408.36,,,3957,11.5601263,48.1409454,11.5286666,48.147235,37.63
409,3,0,17813.0,17813.0,01:27:57,04:19:33,16.73,52.27,43.27,2010-10-20 13:15:20,2010-10-20 19:02:50,167,11.5981006,48.1355781,11.5799379,48.1153564,106.66
409,4,0,25508.0,25509.0,02:20:21,04:23:13,16.73,68.78,51.78,2010-10-20 13:15:20,2010-10-20 19:58:54,210,11.5981006,48.1355781,11.4954652,48.1122245,121.47
409,5,0,1870.0,1870.0,00:09:16,00:11:33,0.00,7.13,0.13,2010-10-19 16:57:51,2010-10-19 17:18:40,23,11.5021209,48.1161689,11.491497,48.1085434,81.29
40,0,0,87855.0,87886.0,,,0.00,229.80,280.80,,,1941,11.5458078,48.1300239,11.6179556,48.2469552,45.26
40,1,0,16762.0,16764.0,00:31:39,00:03:40,22.84,68.16,66.16,2014-07-31 14:04:15,2014-07-31 14:39:34,612,11.5729364,48.1759459,11.7191772,48.1759227,27.39
40,1,1,16233.0,16235.0,00:28:09,00:01:45,23.59,60.74,62.74,2014-07-31 05:37:15,2014-07-31 06:07:09,471,11.7213345,48.1755928,11.572726,48.176031,34.46
40,1,2,17202.0,17204.0,00:31:30,00:10:48,22.16,64.26,63.26,2014-07-31 14:04:16,2014-07-31 14:46:34,801,11.5728158,48.1759933,11.7208647,48.1761996,21.48
40,2,0,3578.0,3579.0,00:07:20,00:00:42,21.85,13.27,9.27,2014-07-30 14:45:21,2014-07-30 14:53:23,131,11.6943581,48.190238,11.7227177,48.1821262,27.32
40,3,0,405.0,405.0,00:14:13,00:05:57,0.00,0.94,0.94,2014-07-27 23:26:55,2014-07-27 23:47:05,10,11.5132701,48.1130458,11.5131566,48.1130156,40.48
40,3,1,51.0,51.0,,00:04:14,0.00,0.00,1.00,2014-07-27 23:49:59,2014-07-27 23:54:13,3,11.5134156,48.1131067,11.5127767,48.1129986,16.97
40,3,2,240.0,240.0,00:06:03,00:01:20,0.00,0.09,0.09,2014-07-27 23:54:30,2014-07-28 00:01:53,5,11.512856,48.1129899,11.5128472,48.1131421,47.97
40,3,3,13424.0,13424.0,02:12:54,00:45:11,3.54,29.32,28.32,2014-07-28 08:37:31,2014-07-28 11:35:36,95,11.575242,48.1322395,11.5702544,48.132144,141.31
40,3,4,0.0,0.0,,,0.00,0.00,0.00,2014-07-28 12:17:55,2014-07-28 12:17:55,1,11.5132938,48.1130633,11.5132938,48.1130633,0.00
40,4,0,43754.0,43756.0,00:37:10,00:01:36,35.54,111.28,32.28,2014-06-07 05:08:40,2014-06-07 05:47:26,162,11.3610571,48.2258875,11.7073712,48.062207,270.09
40,5,0,405.0,405.0,00:14:13,00:05:57,0.00,0.94,0.94,2014-07-27 23:26:55,2014-07-27 23:47:05,10,11.5132701,48.1130458,11.5131566,48.1130156,40.48
40,5,1,51.0,51.0,,00:04:14,0.00,0.00,1.00,2014-07-27 23:49:59,2014-07-27 23:54:13,3,11.5134156,48.1131067,11.5127767,48.1129986,16.97
40,5,2,240.0,240.0,00:06:03,00:01:20,0.00,0.09,0.09,2014-07-27 23:54:30,2014-07-28 00:01:53,5,11.512856,48.1129899,11.5128472,48.1131421,47.97
40,5,3,13405.0,13405.0,02:12:54,00:44:01,3.54,29.32,28.32,2014-07-28 08:37:31,2014-07-28 11:34:26,94,11.575242,48.1322395,11.5700283,48.1320619,142.61
40,6,0,7925.0,7926.0,01:37:09,00:03:43,2.21,26.84,26.84,2014-07-27 11:43:27,2014-07-27 13:24:19,656,11.7222363,48.1755312,11.7211406,48.1750741,12.08
410,0,0,100053.0,100083.0,,,0.00,326.41,337.41,,,5000,11.5286666,48.147235,11.3943657,48.1716854,20.01
411,0,0,229298.0,229363.0,,,0.00,563.19,555.19,,,4944,11.3943427,48.171756,11.4570686,48.1624949,46.38
411,1,0,24541.0,24543.0,00:13:20,,37.71,93.47,7.47,2010-10-14 06:35:03,2010-10-14 06:48:23,56,11.640951,48.244495,11.70949,48.063145,438.23
412,0,0,55879.0,55889.0,,,0.00,69.34,104.34,,,770,11.4572073,48.1625044,11.641787,48.24572,72.57
412,1,0,2349.0,2349.0,00:05:57,00:00:01,14.83,5.73,4.73,2010-10-16 14:11:11,2010-10-16 14:17:09,150,11.7145891,48.170395,11.716876,48.1710652,15.66
412,2,0,24239.0,24241.0,00:14:14,,35.61,77.13,101.13,2010-07-10 13:24:33,2010-07-10 13:38:47,683,11.722846,48.156559,11.464737,48.209271,35.49
412,2,1,7667.0,7667.0,00:04:04,,34.48,23.75,24.75,2010-07-10 13:40:00,2010-07-10 13:44:04,245,11.453434,48.204712,11.360951,48.226229,31.29
412,2,2,7739.0,7740.0,00:04:46,,32.04,23.90,22.90,2010-07-10 19:20:03,2010-07-10 19:24:49,287,11.361034,48.225844,11.454028,48.20455,26.97
412,2,3,21878.0,21880.0,00:13:05,,34.30,81.16,59.16,2010-07-10 19:26:45,2010-07-10 19:39:50,615,11.492566,48.209932,11.722844,48.157775,35.57
412,2,4,24151.0,24153.0,00:16:28,,34.89,73.95,97.95,2010-07-13 06:17:55,2010-07-13 06:34:23,748,11.722872,48.156744,11.465123,48.209101,32.29
412,2,5,7685.0,7686.0,00:04:12,,34.99,23.97,24.97,2010-07-13 06:35:44,2010-07-13 06:39:56,253,11.453741,48.204801,11.361023,48.226168,30.38
412,2,6,24110.0,24112.0,00:16:58,,34.56,76.21,101.21,2010-07-19 05:32:55,2010-07-19 05:49:53,800,11.722777,48.156643,11.465689,48.209321,30.14
412,2,7,7679.0,7680.0,00:04:15,,33.60,24.00,25.00,2010-07-19 05:51:20,2010-07-19 05:55:35,256,11.453668,48.204664,11.361037,48.226151,30.00
412,2,8,7162.0,7162.0,00:06:36,,28.12,9.68,30.68,2010-07-20 05:25:51,2010-07-20 05:32:27,193,11.722786,48.156718,11.672649,48.198414,37.11
413,0,0,16945.0,16947.0,00:10:04,,34.05,68.52,73.52,2010-07-20 05:32:28,2010-07-20 05:42:32,605,11.672353,48.198511,11.465418,48.209333,28.01
413,0,1,7677.0,7678.0,00:04:20,,32.93,23.27,24.27,2010-07-20 05:43:54,2010-07-20 05:48:14,261,11.453689,48.204732,11.360989,48.226093,29.42
413,0,2,7752.0,7752.0,00:04:36,,31.35,25.33,23.33,2010-07-20 15:58:44,2010-07-20 16:03:20,277,11.361041,48.225869,11.454326,48.204639,27.98
413,0,3,23835.0,23837.0,00:14:44,00:00:09,33.11,96.69,71.69,2010-07-20 16:04:09,2010-07-20 16:19:02,712,11.466503,48.209393,11.722858,48.157659,33.48
413,0,4,9458.0,9459.0,00:07:26,00:00:44,31.31,55.27,45.27,2010-08-29 08:30:30,2010-08-29 08:38:40,455,11.722821,48.146628,11.615564,48.134902,20.79
413,0,5,274.0,274.0,00:00:16,,0.00,6.16,0.16,2010-08-29 08:38:51,2010-08-29 08:39:07,17,11.616448,48.133141,11.615765,48.130744,16.12
413,0,6,5654.0,5654.0,00:07:20,00:00:47,16.97,37.38,29.38,2010-08-29 08:39:20,2010-08-29 08:47:27,449,11.61561,48.128971,11.576281,48.111766,12.59
413,0,7,1465.0,1465.0,00:01:29,,17.72,12.54,11.54,2010-08-29 08:47:42,2010-08-29 08:49:11,90,11.572788,48.111996,11.553551,48.112414,16.28
413,0,8,8743.0,8744.0,00:08:46,00:00:39,26.07,68.43,20.43,2010-08-29 08:49:58,2010-08-29 08:59:23,532,11.542459,48.111457,11.473235,48.061688,16.43
413,0,9,8840.0,8841.0,00:07:57,00:00:45,23.67,18.30,73.30,2010-08-29 15:08:57,2010-08-29 15:17:39,481,11.473877,48.061733,11.544763,48.111886,18.38
413,0,10,1451.0,1451.0,00:01:24,,18.28,16.11,12.11,2010-08-29 15:18:19,2010-08-29 15:19:43,85,11.55463,48.112255,11.573692,48.111967,17.07
413,0,11,5697.0,5697.0,00:07:06,00:01:49,18.78,29.13,33.13,2010-08-29 15:19:59,2010-08-29 15:28:54,452,11.576994,48.111196,11.615253,48.129701,12.60
413,0,12,265.0,265.0,00:00:16,,0.00,0.00,7.00,2010-08-29 15:29:07,2010-08-29 15:29:23,17,11.615709,48.131574,11.615892,48.133892,15.58
413,0,13,8620.0,8621.0,00:05:55,,32.13,46.41,54.41,2010-08-29 15:29:33,2010-08-29 15:35:28,356,11.615563,48.135477,11.722821,48.143661,24.21
413,1,0,20272.0,20277.0,00:09:37,,42.95,19.55,100.55,2010-10-08 15:19:18,2010-10-08 15:28:55,211,11.7066016,48.0617183,11.649215,48.2088583,96.08
414,0,0,4972.0,4973.0,00:02:49,,34.57,15.76,23.76,2010-10-08 15:28:56,2010-10-08 15:31:45,170,11.64899,48.2090066,11.6430416,48.2482,29.25
414,1,0,58006.0,58038.0,,,0.00,226.38,147.38,,,1569,11.583015,48.2463156,11.5639814,48.0616229,36.97
414,2,0,43184.0,43193.0,03:47:34,00:00:15,3.90,321.89,306.89,2010-10-10 08:11:23,2010-10-10 11:59:12,2938,11.5529384,48.1633576,11.5460701,48.1729283,14.70
414,3,0,24628.0,24632.0,00:10:31,,48.77,32.40,117.40,2010-10-10 11:34:07,2010-10-10 11:44:38,323,11.706238,48.061613,11.640038,48.24249,76.25
415,0,0,606.0,606.0,00:00:13,,0.00,1.59,1.59,2010-10-10 11:44:39,2010-10-10 11:44:52,14,11.640243,48.242897,11.642843,48.248065,43.26
415,1,0,312560.0,312647.0,,,0.00,771.36,772.36,,,4481,11.3652297,48.1152189,11.5977199,48.0865009,69.75
415,2,0,25332.0,25336.0,00:11:37,,47.47,126.85,34.85,2010-10-07 10:03:38,2010-10-07 10:15:15,361,11.642726,48.248084,11.706518,48.061699,70.17
415,3,0,1331.0,1332.0,00:17:08,00:18:01,1.61,5.60,5.60,2010-10-05 13:06:07,2010-10-05 13:41:16,144,11.644194,48.145302,11.64422,48.14547,9.25
416,0,0,220665.0,220864.0,,,0.00,656.73,701.73,,,4217,11.597335,48.0864139,11.3644987,48.2002228,52.33
416,1,0,24170.0,24170.0,00:16:04,00:05:25,32.79,7.64,73.64,2010-09-17 09:00:46,2010-09-17 09:22:15,95,11.362256,48.114432,11.53338,48.246536,254.42
416,2,0,15631.0,15632.0,00:19:19,00:01:35,28.53,54.40,17.40,2010-10-01 20:49:29,2010-10-01 21:10:23,232,11.642404,48.247603,11.559209,48.145617,67.38
416,2,1,15856.0,15857.0,00:17:59,00:04:11,25.85,20.67,62.67,2010-10-03 10:49:37,2010-10-03 11:11:47,267,11.556534,48.152279,11.533307,48.246801,59.39
416,3,0,541.0,541.0,00:06:35,,2.33,0.00,16.00,2010-09-30 17:07:56,2010-09-30 17:14:31,49,11.423809,48.084527,11.426861,48.088833,11.04
416,4,0,4957.0,4957.0,00:15:51,00:00:20,7.16,7.12,23.12,2010-09-11 11:52:47,2010-09-11 12:08:58,140,11.722526,48.108852,11.660533,48.122871,35.40
417,0,0,9980.0,9990.0,00:29:40,00:05:15,12.74,47.76,60.76,2010-09-11 12:09:05,2010-09-11 12:44:00,616,11.660406,48.122915,11.575304,48.155384,16.20
417,0,1,1644.0,1644.0,00:04:19,00:00:01,7.21,6.63,8.63,2010-09-18 13:58:02,2010-09-18 14:02:22,71,11.722739,48.111102,11.703573,48.116655,23.15
417,0,2,10163.0,10168.0,00:30:42,00:07:54,8.36,36.10,56.10,2010-09-18 14:07:12,2010-09-18 14:45:48,429,11.691239,48.117917,11.58813,48.158067,23.69
417,1,0,11209.0,11210.0,00:06:13,,34.71,33.40,54.40,2010-09-26 13:14:30,2010-09-26 13:20:43,374,11.7227891,48.1830159,11.643019,48.248173,29.97
417,2,0,11316.0,11317.0,00:07:21,,29.50,60.32,39.32,2010-09-24 18:33:49,2010-09-24 18:41:10,442,11.6426949,48.2481969,11.7227339,48.1826503,25.60
417,3,0,122799.0,122852.0,,,0.00,265.94,276.94,,,2644,11.5201467,48.1231373,11.5638418,48.1069641,46.44
417,4,0,9109.0,9109.0,00:09:13,00:01:14,30.08,57.91,4.91,2010-09-18 04:06:13,2010-09-18 04:16:40,97,11.5454151,48.1133806,11.4737271,48.0621801,93.90
417,4,1,28011.0,28013.0,00:29:54,00:04:32,24.59,32.34,131.34,2010-09-18 16:20:10,2010-09-18 16:54:36,327,11.4740391,48.0618052,11.6426995,48.2474889,85.66
418,0,0,110999.0,111042.0,,,0.00,503.56,501.56,,,5000,11.5635404,48.1071014,11.597455,48.134792,22.20
419,0,0,146336.0,146433.0,,,0.00,497.03,524.03,,,4872,11.597466,48.134815,11.618838,48.184881,30.04
419,1,0,5137.0,5138.0,00:12:57,00:00:04,42.75,7.23,21.23,2010-09-15 16:19:18,2010-09-15 16:32:19,67,11.5954608,48.0617253,11.5800491,48.0988605,76.68
419,2,0,4886.0,4886.0,00:03:58,00:00:24,39.29,21.72,9.72,2010-09-15 22:01:01,2010-09-15 22:05:23,61,11.5798493,48.0987541,11.5952419,48.062013,80.09
41,0,0,26593.0,26604.0,,,0.00,94.58,90.58,,,3249,11.6167944,48.2470565,11.5884163,48.248187,8.19
41,1,0,43654.0,43655.0,00:25:45,,33.93,30.06,106.06,2014-06-16 16:05:03,2014-06-16 16:30:48,140,11.7081917,48.0625193,11.3610551,48.2261207,311.82
41,2,0,9614.0,9614.0,00:07:21,,34.16,44.91,30.91,2014-07-01 14:36:15,2014-07-01 14:43:36,442,11.5325739,48.2482159,11.4535636,48.2069844,21.75
41,2,1,7898.0,7899.0,00:04:21,,33.03,24.64,24.64,2014-07-01 14:43:37,2014-07-01 14:47:58,261,11.4533016,48.2069327,11.3609396,48.2261629,30.26
41,3,0,2720.0,2720.0,00:15:12,00:00:04,3.69,9.49,21.49,2014-07-23 06:09:55,2014-07-23 06:25:11,908,11.6728013,48.0626364,11.6768175,48.0833969,3.00
420,0,0,153246.0,153306.0,,,0.00,532.78,479.78,,,5000,11.619148,48.184987,11.6362669,48.0724962,30.65
421,0,0,93359.0,93387.0,,,0.00,306.89,302.89,,,5000,11.6363352,48.0725204,11.6083357,48.0679388,18.67
422,0,0,171680.0,171714.0,,,0.00,434.60,447.60,,,3734,11.6083308,48.0679709,11.404799,48.128526,45.98
422,1,0,15548.0,15549.0,00:55:17,,6.91,81.58,82.58,2010-09-11 09:51:28,2010-09-11 10:46:45,1266,11.461215,48.172839,11.460224,48.17272,12.28
423,0,0,212200.0,212251.0,,,0.00,706.07,685.07,,,5000,11.405182,48.128594,11.5821373,48.0747154,42.44
424,0,0,74347.0,74394.0,,,0.00,261.63,314.63,,,4743,11.5820755,48.0747593,11.555876,48.178641,15.68
424,1,0,747.0,748.0,00:01:25,00:00:22,13.32,2.78,4.78,2010-09-08 15:25:57,2010-09-08 15:27:44,29,11.583565,48.171027,11.574632,48.170943,25.77
424,1,1,135.0,135.0,00:01:57,00:00:28,0.00,3.00,0.00,2010-09-08 15:27:50,2010-09-08 15:30:15,21,11.574634,48.170941,11.575255,48.170688,6.43
424,1,2,263.0,263.0,00:02:43,00:00:29,3.84,1.15,2.15,2010-09-08 16:20:15,2010-09-08 16:23:27,25,11.575316,48.170704,11.574039,48.170808,10.52
424,1,3,159.0,159.0,00:00:50,00:01:09,0.00,2.00,0.00,2010-09-08 16:23:33,2010-09-08 16:25:32,19,11.57432,48.17083,11.573837,48.17032,8.35
424,1,4,155.0,155.0,00:00:35,,0.00,2.00,0.00,2010-09-06 15:15:36,2010-09-06 15:16:11,10,11.574756,48.170685,11.573872,48.170263,15.46
424,1,5,462.0,462.0,00:05:48,00:02:00,2.18,4.10,1.10,2010-09-04 11:09:11,2010-09-04 11:16:59,62,11.574769,48.170804,11.576949,48.170224,7.46
424,1,6,451.0,452.0,00:03:06,00:02:06,4.82,0.15,3.15,2010-09-04 12:47:01,2010-09-04 12:52:13,56,11.576992,48.170276,11.574635,48.170187,8.06
424,1,7,655.0,655.0,00:01:38,00:02:38,9.36,1.69,0.69,2010-09-03 21:30:14,2010-09-03 21:34:30,35,11.58362,48.17102,11.576886,48.17016,18.70
425,0,0,22493.0,22496.0,,,0.00,101.79,113.79,,,5000,11.555876,48.178641,11.540381,48.208669,4.50
426,0,0,31282.0,31295.0,,,0.00,285.76,226.76,,,5000,11.540361,48.208637,11.6334997,48.0719315,6.26
427,0,0,59355.0,59372.0,,,0.00,117.95,175.95,,,3291,11.6334314,48.0719321,11.365315,48.2235699,18.04
427,1,0,6240.0,6241.0,00:28:28,,4.40,52.07,28.07,2010-09-06 19:07:25,2010-09-06 19:35:53,1709,11.5431206,48.1321466,11.5235255,48.0952244,3.65
428,0,0,10258.0,10260.0,00:47:52,,4.46,50.26,74.26,2010-09-06 19:35:54,2010-09-06 20:23:46,2873,11.5235216,48.0952054,11.5429972,48.1322244,3.57
428,1,0,2735.0,2736.0,00:33:26,00:14:10,2.22,16.11,21.11,2010-08-11 10:47:36,2010-08-11 11:35:12,1429,11.575422,48.137136,11.579914,48.137973,1.91
428,1,1,0.0,0.0,,00:01:10,0.00,0.00,0.00,2010-08-11 11:35:14,2010-08-11 11:36:24,36,11.579917,48.137977,11.579917,48.137977,0.00
428,1,2,1649.0,1649.0,00:17:37,00:04:26,2.63,7.13,9.13,2010-08-11 11:36:26,2010-08-11 11:58:29,662,11.578887,48.138166,11.57969,48.137587,2.49
429,0,0,2861.0,2861.0,00:44:13,00:30:07,1.73,10.43,5.43,2010-08-11 11:58:31,2010-08-11 13:12:51,2231,11.579687,48.137589,11.575461,48.136779,1.28
429,0,1,0.0,0.0,,00:00:50,0.00,0.00,0.00,2010-08-11 13:12:53,2010-08-11 13:13:43,26,11.575461,48.13678,11.575461,48.13678,0.00
429,0,2,3469.0,3470.0,00:42:13,00:05:18,2.43,26.81,19.81,2010-08-11 13:13:44,2010-08-11 14:01:15,1425,11.577188,48.137047,11.567618,48.138617,2.43
429,0,3,0.0,0.0,,00:05:03,0.00,0.00,0.00,2010-08-11 14:01:17,2010-08-11 14:06:20,153,11.567627,48.138608,11.567627,48.138608,0.00
429,0,4,2398.0,2399.0,00:29:18,00:09:34,2.20,17.11,30.11,2010-08-11 14:06:21,2010-08-11 14:45:13,1165,11.567248,48.1389,11.570987,48.144229,2.06
42,0,0,9465.0,9468.0,00:52:02,00:02:05,3.76,55.84,79.84,2014-07-23 06:25:12,2014-07-23 07:19:19,3133,11.676817,48.0834199,11.7228682,48.1435765,3.02
42,1,0,4085.0,4085.0,00:06:18,00:00:05,20.72,4.45,15.45,2014-07-20 15:48:53,2014-07-20 15:55:16,58,11.6378045,48.0617508,11.6408855,48.087126,70.43
42,2,0,37840.0,37841.0,,,0.00,59.72,53.72,,,128,11.4535448,48.1363337,11.4487084,48.1292019,295.62
42,3,0,7262.0,7263.0,00:27:01,00:01:12,5.78,54.32,50.32,2014-07-20 11:10:08,2014-07-20 11:38:21,1681,11.5269896,48.099673,11.4494043,48.099262,4.32
430,0,0,942.0,942.0,00:11:27,00:10:32,2.01,8.78,8.78,2010-08-11 14:45:16,2010-08-11 15:07:15,660,11.570969,48.14423,11.574236,48.145807,1.43
430,0,1,0.0,0.0,,00:00:14,0.00,0.00,0.00,2010-08-11 15:07:16,2010-08-11 15:07:30,8,11.574236,48.145807,11.574236,48.145807,0.00
430,0,2,4696.0,4697.0,00:53:41,00:21:45,2.65,29.18,29.18,2010-08-11 15:07:32,2010-08-11 16:22:58,2264,11.575292,48.146401,11.578994,48.149648,2.07
430,0,3,0.0,0.0,,01:11:37,0.00,0.00,0.00,2010-08-11 16:23:00,2010-08-11 17:34:37,2068,11.579166,48.149535,11.579166,48.149535,0.00
431,0,0,0.0,0.0,,02:53:08,0.00,0.00,0.00,2010-08-11 17:34:39,2010-08-11 20:27:47,5000,11.579166,48.149535,11.579166,48.149535,0.00
432,0,0,0.0,0.0,,01:32:09,0.00,0.00,0.00,2010-08-11 20:27:49,2010-08-11 21:59:58,2661,11.579166,48.149535,11.579166,48.149535,0.00
432,0,1,0.0,0.0,,01:20:57,0.00,0.00,0.00,2010-08-11 22:00:00,2010-08-11 23:20:57,2339,11.579166,48.149535,11.579166,48.149535,0.00
433,0,0,0.0,0.0,,02:53:08,0.00,0.00,0.00,2010-08-11 23:20:59,2010-08-12 02:14:07,5000,11.579166,48.149535,11.579166,48.149535,0.00
434,0,0,0.0,0.0,,02:53:08,0.00,0.00,0.00,2010-08-12 02:14:09,2010-08-12 05:07:17,5000,11.579166,48.149535,11.579166,48.149535,0.00
435,0,0,0.0,0.0,,02:53:12,0.00,0.00,0.00,2010-08-12 05:07:19,2010-08-12 08:00:31,5000,11.579166,48.149535,11.579166,48.149535,0.00
436,0,0,0.0,0.0,,00:16:44,0.00,0.00,0.00,2010-08-12 08:00:33,2010-08-12 08:17:17,484,11.579166,48.149535,11.579166,48.149535,0.00
436,0,1,0.0,0.0,,00:00:01,0.00,0.00,0.00,2010-08-12 08:17:20,2010-08-12 08:17:21,2,11.579166,48.149535,11.579166,48.149535,0.00
436,0,2,0.0,0.0,,00:01:40,0.00,0.00,0.00,2010-08-12 08:17:23,2010-08-12 08:19:03,49,11.579166,48.149535,11.579166,48.149535,0.00
436,0,3,0.0,0.0,,00:03:16,0.00,0.00,0.00,2010-08-12 08:20:39,2010-08-12 08:23:55,94,11.579166,48.149535,11.579166,48.149535,0.00
436,0,4,0.0,0.0,,00:01:15,0.00,0.00,0.00,2010-08-12 08:24:18,2010-08-12 08:25:33,33,11.579166,48.149535,11.579166,48.149535,0.00
436,0,5,837.0,838.0,00:05:37,00:01:02,6.72,4.74,7.74,2010-08-12 08:25:34,2010-08-12 08:32:13,200,11.552933,48.152337,11.557053,48.153729,4.19
436,0,6,0.0,0.0,,00:03:40,0.00,0.00,0.00,2010-08-12 08:32:14,2010-08-12 08:35:54,111,11.557053,48.153729,11.557053,48.153729,0.00
436,0,7,3787.0,3788.0,00:36:27,00:19:09,2.52,21.49,26.49,2010-08-12 08:35:56,2010-08-12 09:31:32,1668,11.55588,48.152451,11.551513,48.154541,2.27
436,0,8,0.0,0.0,,00:55:25,0.00,0.00,0.00,2010-08-12 09:31:34,2010-08-12 10:26:59,1600,11.550936,48.154274,11.550936,48.154274,0.00
436,0,9,3368.0,3370.0,00:08:24,00:12:13,2.62,14.31,6.31,2010-08-12 10:27:00,2010-08-12 10:47:37,620,11.550936,48.154274,11.574663,48.136759,5.43
436,0,10,0.0,0.0,,00:04:35,0.00,0.00,0.00,2010-08-12 10:47:39,2010-08-12 10:52:14,139,11.574647,48.136738,11.574647,48.136738,0.00
437,0,0,0.0,0.0,,00:02:40,0.00,0.00,0.00,2010-08-12 10:52:17,2010-08-12 10:54:57,81,11.574647,48.136738,11.574647,48.136738,0.00
437,0,1,6081.0,6083.0,01:08:49,00:23:16,2.17,53.47,56.47,2010-08-12 10:54:59,2010-08-12 12:27:04,2764,11.580652,48.148769,11.603694,48.149352,2.20
437,0,2,0.0,0.0,,00:00:05,0.00,0.00,0.00,2010-08-12 12:27:06,2010-08-12 12:27:11,3,11.603997,48.149478,11.603997,48.149478,0.00
437,0,3,0.0,0.0,,,0.00,0.00,0.00,2010-08-12 13:14:41,2010-08-12 13:14:41,1,11.603997,48.149478,11.603997,48.149478,0.00
437,0,4,52.0,52.0,00:00:34,00:00:14,0.00,0.00,2.00,2010-08-12 13:14:53,2010-08-12 13:15:41,25,11.558182,48.15079,11.558057,48.15084,2.08
437,0,5,0.0,0.0,,00:03:49,0.00,0.00,0.00,2010-08-13 08:39:02,2010-08-13 08:42:51,111,11.558054,48.15087,11.558054,48.15087,0.00
437,1,0,9601.0,9604.0,,,0.00,53.56,49.56,,,2015,11.6415325,48.0616075,11.5834037,48.0778886,4.76
438,0,0,16312.0,16316.0,,,0.00,93.62,100.62,,,5000,11.583404,48.0778812,11.622072,48.0761024,3.26
439,0,0,100315.0,100339.0,,,0.00,399.71,407.71,,,5000,11.6220439,48.0760913,11.52599,48.11009,20.06
43,0,0,19744.0,19749.0,01:18:46,04:26:49,5.53,139.35,142.35,2014-07-20 11:38:22,2014-07-20 17:23:57,5000,11.449341,48.0992967,11.4362284,48.1005031,3.95
440,0,0,73983.0,73993.0,,,0.00,391.21,425.21,,,5000,11.525875,48.110086,11.59724,48.167056,14.80
441,0,0,87060.0,87076.0,,,0.00,527.34,526.34,,,5000,11.597201,48.166996,11.56751,48.176751,17.41
442,0,0,68965.0,68985.0,,,0.00,419.57,377.57,,,4725,11.567397,48.176722,11.5867173,48.0803267,14.60
442,1,0,1313.0,1313.0,00:04:29,00:00:07,7.70,9.53,5.53,2010-09-03 16:15:38,2010-09-03 16:20:14,275,11.400395,48.102937,11.40641,48.105995,4.77
443,0,0,130098.0,130129.0,,,0.00,333.38,354.38,,,5000,11.5867246,48.0803504,11.423172,48.144653,26.02
444,0,0,146796.0,146831.0,,,0.00,524.60,497.60,,,4876,11.423177,48.144652,11.652357,48.0622458,30.11
444,1,0,23987.0,23989.0,00:13:54,,48.21,76.08,10.08,2010-07-25 15:06:20,2010-07-25 15:20:14,124,11.533175,48.246107,11.362142,48.11442,193.45
445,0,0,85673.0,85712.0,,,0.00,220.47,230.47,,,5000,11.6523338,48.0622428,11.6225359,48.0768551,17.13
446,0,0,54257.0,54272.0,,,0.00,125.66,144.66,,,5000,11.6225527,48.076896,11.3869371,48.1423149,10.85
447,0,0,248919.0,249016.0,,,0.00,824.68,859.68,,,4398,11.3868999,48.1423683,11.6317958,48.1857719,56.60
447,1,0,2925.0,2927.0,00:15:18,00:05:03,6.02,31.53,31.53,2010-08-26 19:11:36,2010-08-26 19:31:57,580,11.5706634,48.1146562,11.5705293,48.1145864,5.04
447,2,0,952.0,952.0,00:02:40,16:37:36,4.45,1.94,1.94,2010-08-23 16:17:15,2010-08-24 08:57:31,22,11.6616709,48.1210704,11.6619184,48.1214236,43.25
448,0,0,429377.0,429482.0,,,0.00,1257.44,1221.44,,,5000,11.6319503,48.1859512,11.544511,48.0835406,85.88
449,0,0,40045.0,40055.0,,,0.00,92.53,140.53,,,481,11.5443476,48.083214,11.6428583,48.2480666,83.25
449,1,0,10909.0,10910.0,00:06:52,,39.32,53.08,30.08,2010-08-21 16:23:27,2010-08-21 16:30:19,392,11.642484,48.24773,11.596684,48.166272,27.83
449,1,1,3513.0,3514.0,00:05:52,00:00:30,18.80,33.35,13.35,2010-08-21 16:30:35,2010-08-21 16:36:57,274,11.596095,48.163726,11.615135,48.141064,12.82
449,2,0,3316.0,3317.0,00:04:33,00:00:48,19.34,17.43,33.43,2010-08-14 11:09:06,2010-08-14 11:14:27,254,11.615039,48.141564,11.595647,48.164244,13.06
449,2,1,10370.0,10371.0,00:06:52,,36.58,24.89,48.89,2010-08-14 11:14:45,2010-08-14 11:21:37,401,11.597207,48.16768,11.64298,48.24809,25.86
449,3,0,9988.0,9989.0,00:07:38,,32.59,50.37,30.37,2010-08-08 15:59:30,2010-08-08 16:07:08,446,11.642906,48.24822,11.59667,48.173549,22.39
449,3,1,705.0,705.0,00:00:39,,22.83,6.34,0.34,2010-08-08 16:07:27,2010-08-08 16:08:06,38,11.599866,48.171985,11.596822,48.166523,18.55
449,3,2,3397.0,3398.0,00:05:40,00:01:24,17.71,33.62,12.62,2010-08-08 16:08:27,2010-08-08 16:15:31,264,11.596257,48.163724,11.615602,48.141759,12.87
449,4,0,7093.0,7094.0,00:04:57,,29.52,21.68,35.68,2010-08-07 09:04:21,2010-08-07 09:09:18,291,11.612559,48.187776,11.643111,48.248145,24.38
449,5,0,647.0,647.0,00:01:13,00:00:08,21.98,5.88,2.88,2010-08-04 17:15:01,2010-08-04 17:16:22,53,11.532905,48.130429,11.534002,48.133428,12.21
449,5,1,1508.0,1508.0,00:01:19,,21.90,4.36,14.36,2010-08-04 17:16:45,2010-08-04 17:18:04,76,11.534458,48.13844,11.536956,48.151743,19.84
449,5,2,8836.0,8838.0,00:10:45,00:01:33,23.76,45.25,80.25,2010-08-04 17:18:24,2010-08-04 17:30:42,532,11.537131,48.155127,11.543864,48.217236,16.61
449,6,0,5731.0,5732.0,00:03:07,,35.91,23.19,35.19,2010-08-02 19:32:28,2010-08-02 19:35:35,158,11.360828,48.113954,11.429285,48.128445,36.27
449,7,0,24091.0,24100.0,01:41:38,01:02:02,7.43,135.69,180.69,2010-07-27 08:49:31,2010-07-27 11:33:11,1340,11.3744519,48.0618219,11.534361,48.15252,17.98
44,0,0,8581.0,8583.0,00:33:04,00:49:36,5.72,48.70,51.70,2014-07-20 17:23:58,2014-07-20 18:46:38,2135,11.4362867,48.1004912,11.5322955,48.0997129,4.02
44,1,0,22103.0,22121.0,,,0.00,282.22,253.22,,,2865,11.6147127,48.1525723,11.6021066,48.0826222,7.71
450,0,0,6104.0,6108.0,00:26:29,03:08:26,6.45,30.97,42.97,2010-07-27 11:33:13,2010-07-27 15:08:08,352,11.5343239,48.152544,11.569251,48.179558,17.34
450,0,1,5309.0,5313.0,00:19:41,01:39:57,6.35,50.64,32.64,2010-07-28 22:00:46,2010-07-29 00:00:24,326,11.569024,48.179239,11.5283729,48.152732,16.28
450,0,2,23379.0,23387.0,01:51:01,03:57:47,5.51,152.70,121.70,2010-07-29 08:37:58,2010-07-29 14:26:46,1340,11.528542,48.152521,11.722355,48.07374,17.45
450,1,0,20131.0,20135.0,01:09:12,00:00:56,6.30,97.93,142.93,2010-07-30 05:54:22,2010-07-30 07:04:30,898,11.5643472,48.1077995,11.6803836,48.248188,22.42
450,2,0,29781.0,29783.0,00:16:15,,38.51,103.72,112.72,2010-08-15 11:22:35,2010-08-15 11:38:50,880,11.7227573,48.183028,11.3609606,48.2261156,33.84
450,3,0,4270.0,4271.0,00:20:00,00:00:03,4.42,45.90,21.90,2010-08-16 19:01:46,2010-08-16 19:21:49,1204,11.5432995,48.1321605,11.5415361,48.0971731,3.55
451,0,0,12214.0,12216.0,00:47:48,,5.20,63.61,87.61,2010-08-16 19:21:50,2010-08-16 20:09:38,2869,11.5415257,48.0971332,11.5430927,48.1322348,4.26
451,1,0,193429.0,193465.0,,,0.00,420.99,443.99,,,2089,11.577202,48.09749,11.567502,48.130627,92.59
451,2,0,1295.0,1295.0,00:04:51,00:01:01,6.46,4.93,3.93,2010-08-04 07:09:01,2010-08-04 07:14:53,29,11.560178,48.149682,11.557861,48.141729,44.65
451,2,1,0.0,0.0,,,0.00,0.00,0.00,2010-08-04 08:58:23,2010-08-04 08:58:23,1,11.557735,48.141708,11.557735,48.141708,0.00
451,2,2,0.0,0.0,,00:00:22,0.00,0.00,0.00,2010-08-04 08:58:34,2010-08-04 08:58:56,4,11.557735,48.141708,11.557735,48.141708,0.00
451,2,3,0.0,0.0,,00:01:14,0.00,0.00,0.00,2010-08-04 08:59:01,2010-08-04 09:00:15,7,11.557735,48.141708,11.557735,48.141708,0.00
451,2,4,0.0,0.0,,,0.00,0.00,0.00,2010-08-04 09:25:32,2010-08-04 09:25:32,1,11.557735,48.141708,11.557735,48.141708,0.00
452,0,0,141853.0,141943.0,,,0.00,524.83,523.83,,,4036,11.567486,48.130666,11.3946929,48.1711322,35.15
452,1,0,31835.0,31839.0,02:00:43,00:14:34,6.69,125.68,125.68,2010-08-14 11:42:36,2010-08-14 13:57:53,964,11.56549,48.153296,11.568545,48.151157,33.02
453,0,0,267479.0,267595.0,,,0.00,629.76,651.76,,,5000,11.3947421,48.1710383,11.5918304,48.1841952,53.50
454,0,0,24305.0,24306.0,,,0.00,90.75,107.75,,,1104,11.5915984,48.18424,11.39602,48.2480864,22.01
454,1,0,18088.0,18090.0,00:11:00,00:01:39,38.07,93.86,73.86,2010-02-28 15:44:22,2010-02-28 15:57:01,750,11.54327,48.1413666,11.7223966,48.1131933,24.12
454,2,0,22105.0,22108.0,01:11:57,00:02:07,42.81,93.07,105.07,2010-02-27 13:24:16,2010-02-27 14:38:20,1708,11.722545,48.1131533,11.5795666,48.1345566,12.94
454,3,0,9542.0,9543.0,00:07:12,00:00:34,33.95,33.59,29.59,2010-07-24 15:49:55,2010-07-24 15:57:41,467,11.6051866,48.127695,11.7227533,48.113115,20.43
454,4,0,18893.0,18895.0,00:14:41,00:00:29,33.49,75.59,92.59,2010-03-19 14:11:13,2010-03-19 14:26:23,904,11.72287,48.1130533,11.5528733,48.1399333,20.90
454,5,0,2924.0,2924.0,00:01:06,,44.74,3.59,10.59,2010-03-05 10:21:11,2010-03-05 10:22:17,67,11.7225533,48.1130966,11.685065,48.1212283,43.65
455,0,0,16184.0,16186.0,00:09:57,,36.76,73.91,80.91,2010-03-05 10:22:18,2010-03-05 10:32:15,583,11.6844933,48.1213466,11.5572066,48.1399416,27.76
455,1,0,19153.0,19154.0,00:11:04,,44.39,76.44,89.44,2010-03-05 10:21:11,2010-03-05 10:32:15,650,11.7225533,48.1130966,11.5572066,48.1399416,29.47
455,2,0,20006.0,20010.0,00:35:26,00:09:16,14.29,100.50,139.50,2010-07-23 16:00:58,2010-07-23 16:45:40,2676,11.6370566,48.0616383,11.5725083,48.1615,7.48
455,3,0,13297.0,13299.0,00:14:47,00:00:51,34.19,38.36,85.36,2010-03-19 15:07:46,2010-03-19 15:23:24,910,11.618015,48.1491383,11.6429516,48.248025,14.61
455,4,0,847.0,847.0,00:03:00,,6.52,5.02,7.02,2010-06-18 13:21:35,2010-06-18 13:24:35,181,11.618025,48.198695,11.621685,48.2055966,4.68
456,0,0,5015.0,5016.0,00:17:58,00:03:09,9.76,19.74,26.74,2010-06-18 13:24:36,2010-06-18 13:45:43,1268,11.6217566,48.205725,11.6430733,48.2482,3.96
456,1,0,23064.0,23069.0,00:15:28,,32.72,33.88,119.88,2010-05-12 15:12:54,2010-05-12 15:28:22,501,11.7065266,48.0616266,11.6906716,48.2481583,46.04
456,2,0,25230.0,25235.0,00:10:52,,46.18,30.03,121.03,2010-07-09 17:50:03,2010-07-09 18:00:55,326,11.7068116,48.06178,11.6429033,48.2480133,77.39
456,3,0,18795.0,18800.0,01:07:45,00:00:30,39.75,107.12,73.12,2010-04-06 15:12:25,2010-04-06 16:20:40,796,11.6427033,48.2479616,11.5564616,48.1402516,23.61
456,4,0,16848.0,16851.0,00:21:55,00:00:27,29.52,66.96,109.96,2010-03-05 11:03:45,2010-03-05 11:26:07,1198,11.5384733,48.1457516,11.64282,48.2481783,14.06
456,5,0,25291.0,25296.0,00:13:10,,37.75,39.62,121.62,2010-02-05 12:26:16,2010-02-05 12:39:26,373,11.7064333,48.061645,11.6430266,48.2481366,67.81
456,6,0,76218.0,76234.0,,,0.00,129.96,153.96,,,402,11.707909,48.062271,11.6098885,48.0827265,189.60
456,7,0,24773.0,24774.0,00:13:12,,34.07,9.37,101.37,2010-05-29 16:26:42,2010-05-29 16:39:54,57,11.707432,48.062054,11.641862,48.245718,434.62
456,8,0,24955.0,24956.0,00:15:12,,32.45,102.79,13.79,2010-05-14 06:28:13,2010-05-14 06:43:25,79,11.642019,48.24669,11.707998,48.062508,315.89
457,0,0,200601.0,200642.0,,,0.00,480.80,549.80,,,4429,11.6090316,48.0828064,11.550534,48.247009,45.29
457,1,0,764.0,765.0,00:02:52,00:04:39,8.69,5.68,9.68,2010-08-02 16:03:23,2010-08-02 16:10:54,74,11.593654,48.128864,11.588623,48.128554,10.33
457,1,1,118.0,118.0,00:02:22,00:03:05,0.00,0.00,0.00,2010-08-02 16:16:03,2010-08-02 16:21:30,30,11.588856,48.128353,11.588717,48.128681,3.92
457,1,2,31.0,31.0,00:00:34,,0.00,0.00,0.00,2010-08-02 16:23:59,2010-08-02 16:24:33,7,11.588424,48.128753,11.588339,48.129007,4.43
457,2,0,3035.0,3036.0,00:10:27,00:06:40,15.15,8.43,7.43,2010-07-31 11:09:04,2010-07-31 11:26:11,234,11.634372,48.248155,11.639876,48.242575,12.97
457,2,1,2391.0,2391.0,00:05:17,00:03:19,12.58,8.53,10.53,2010-07-31 23:34:35,2010-07-31 23:43:11,139,11.630161,48.2479,11.639611,48.242135,17.20
457,3,0,2256.0,2257.0,00:09:40,00:01:45,5.14,8.35,13.35,2010-08-01 10:27:27,2010-08-01 10:38:52,87,11.60121,48.169927,11.622009,48.176005,25.93
458,0,0,16177.0,16184.0,01:30:26,00:52:37,5.33,125.86,120.86,2010-08-01 10:39:01,2010-08-01 13:02:04,1143,11.622419,48.176256,11.601238,48.169899,14.15
458,1,0,159319.0,159361.0,,,0.00,413.78,442.78,,,3806,11.5545027,48.1341186,11.676616,48.2159686,41.86
458,2,0,24870.0,24870.0,00:14:37,,34.05,7.90,94.90,2010-07-29 16:20:49,2010-07-29 16:35:26,51,11.7094019,48.062998,11.6425189,48.247231,487.64
459,0,0,73702.0,73725.0,,,0.00,227.03,212.03,,,919,11.6765946,48.2159525,11.5688716,48.1782299,80.20
459,1,0,528.0,528.0,00:04:56,,2.64,5.37,2.37,2010-07-24 21:11:04,2010-07-24 21:16:00,34,11.569341,48.164417,11.575587,48.163541,15.54
459,1,1,12030.0,12030.0,00:09:56,00:02:08,24.08,4.81,36.81,2010-07-25 06:41:37,2010-07-25 06:53:41,131,11.577314,48.166723,11.642009,48.246068,91.83
459,1,2,9816.0,9816.0,00:06:48,,35.87,24.75,1.75,2010-07-25 16:30:51,2010-07-25 16:37:39,56,11.642074,48.246846,11.58158,48.177557,175.29
459,1,3,1930.0,1933.0,00:04:35,00:01:27,13.36,12.88,5.88,2010-07-25 16:38:19,2010-07-25 16:44:21,49,11.573997,48.178025,11.577072,48.163471,39.39
459,1,4,4727.0,4728.0,00:07:51,00:02:19,18.66,24.51,11.51,2010-07-26 09:11:13,2010-07-26 09:21:23,89,11.576849,48.16367,11.617217,48.144828,53.12
459,1,5,1938.0,1938.0,00:01:29,,24.57,0.46,10.46,2010-07-26 09:22:58,2010-07-26 09:24:27,26,11.622043,48.137598,11.644446,48.138881,74.53
459,1,6,2593.0,2593.0,00:03:18,,16.82,11.27,4.27,2010-07-26 16:06:30,2010-07-26 16:09:48,50,11.643929,48.138966,11.620102,48.137412,51.86
459,1,7,4713.0,4715.0,00:12:28,00:03:58,15.31,19.62,27.62,2010-07-26 16:11:45,2010-07-26 16:28:11,147,11.616006,48.149793,11.577148,48.163911,32.06
459,1,8,74.0,74.0,00:00:38,00:00:04,0.00,0.00,0.00,2010-07-27 09:17:04,2010-07-27 09:17:46,17,11.576835,48.164414,11.576844,48.164866,4.35
459,1,9,4039.0,4040.0,00:06:23,00:01:18,18.11,18.53,16.53,2010-07-27 09:17:57,2010-07-27 09:25:38,59,11.576797,48.16487,11.616317,48.149117,68.46
459,1,10,1945.0,1945.0,00:01:33,,29.69,1.34,11.34,2010-07-27 09:27:16,2010-07-27 09:28:49,24,11.621844,48.137507,11.64453,48.138859,81.03
459,1,11,6217.0,6221.0,00:19:54,00:10:24,11.23,27.91,31.91,2010-07-27 16:17:40,2010-07-27 16:47:58,227,11.644793,48.138849,11.580998,48.144984,27.39
459,1,12,4709.0,4714.0,00:17:24,00:07:37,12.72,36.05,21.05,2010-07-27 16:48:23,2010-07-27 17:13:24,163,11.575071,48.145611,11.534549,48.135021,28.89
459,1,13,14902.0,14903.0,00:12:12,,26.98,39.67,32.67,2010-07-27 17:13:43,2010-07-27 17:25:55,113,11.532079,48.132517,11.361945,48.130236,131.88
459,1,14,24569.0,24572.0,00:29:09,00:01:02,24.80,57.28,85.28,2010-07-27 21:35:14,2010-07-27 22:05:25,365,11.362785,48.130462,11.579214,48.166362,67.31
459,1,15,493.0,493.0,00:05:19,00:00:54,2.09,4.66,2.66,2010-07-27 22:05:37,2010-07-27 22:11:50,36,11.579214,48.166362,11.576767,48.163617,13.70
459,2,0,3702.0,3702.0,00:27:57,00:00:39,3.54,15.12,14.12,2010-06-22 18:56:04,2010-06-22 19:24:40,191,11.50189,48.13591,11.50183,48.13574,19.38
459,3,0,5606.0,5608.0,00:07:58,00:02:32,8.84,28.97,24.97,2010-07-21 04:56:57,2010-07-21 05:07:27,2304,11.5601067,48.1428224,11.5575028,48.1270045,2.43
45,0,0,44127.0,44139.0,,,0.00,270.74,247.74,,,5000,11.6020888,48.0826696,11.6973569,48.0703739,8.83
460,0,0,12468.0,12471.0,00:16:37,00:02:30,8.20,73.39,49.39,2010-07-21 05:07:27,2010-07-21 05:26:34,5000,11.5575113,48.1269979,11.5750538,48.0918425,2.49
461,0,0,9796.0,9799.0,00:13:54,00:00:44,7.89,84.17,60.17,2010-07-21 05:26:34,2010-07-21 05:41:12,4163,11.5750595,48.0918342,11.5567738,48.0639448,2.35
461,0,1,28530.0,28535.0,00:52:39,00:24:40,15.54,136.45,156.45,2010-07-21 16:56:56,2010-07-21 18:14:15,626,11.5552645,48.0681153,11.3612742,48.1142587,45.57
461,1,0,5016.0,5016.0,,,0.00,14.63,16.63,,,211,11.675243,48.11146,11.621262,48.130161,23.77
462,0,0,30745.0,30751.0,,,0.00,78.22,112.22,,,577,11.619606,48.130446,11.5240234,48.1972797,53.28
462,1,0,12258.0,12261.0,00:52:05,00:00:08,5.75,95.85,94.85,2010-07-19 19:02:23,2010-07-19 19:54:36,3134,11.5441557,48.1325088,11.5443308,48.1324436,3.91
462,2,0,14253.0,14272.0,01:47:39,,9.24,157.29,156.29,2010-07-04 16:35:04,2010-07-04 18:22:43,1289,11.516365,48.093937,11.502902,48.093962,11.06
463,0,0,1092.0,1092.0,00:03:16,00:00:04,7.94,7.03,8.03,2010-07-04 18:22:44,2010-07-04 18:26:04,170,11.50294,48.094008,11.516145,48.093807,6.42
463,1,0,52781.0,52800.0,,,0.00,195.58,227.58,,,1759,11.388333,48.0619533,11.540296,48.0944291,30.01
463,2,0,2055.0,2055.0,00:01:38,,28.48,4.45,6.45,2010-07-19 05:30:55,2010-07-19 05:32:33,50,11.7224685,48.1823365,11.7022513,48.1935375,41.11
463,3,0,2909.0,2911.0,00:15:19,00:11:54,5.38,32.87,32.87,2010-07-18 17:08:22,2010-07-18 17:35:35,612,11.5707546,48.1147259,11.5705883,48.1147956,4.75
463,4,0,4362.0,4362.0,00:53:42,00:06:10,2.12,12.86,11.86,2010-07-18 15:34:55,2010-07-18 16:34:47,1698,11.7138102,48.1728217,11.7222983,48.1738427,2.57
463,5,0,2765.0,2766.0,00:05:47,00:02:03,14.42,16.45,22.45,2010-07-16 10:24:50,2010-07-16 10:32:40,157,11.4675565,48.1091798,11.4508547,48.1215279,17.61
463,6,0,4362.0,4364.0,00:22:26,00:27:12,5.72,41.24,43.24,2010-07-17 14:51:34,2010-07-17 15:41:12,554,11.5707546,48.1150639,11.5708136,48.1147956,7.87
464,0,0,224417.0,224456.0,,,0.00,609.06,647.06,,,5000,11.7222453,48.0622635,11.576221,48.135357,44.88
465,0,0,18330.0,18349.0,,,0.00,47.05,87.05,,,5000,11.576224,48.135355,11.627486,48.247153,3.67
466,0,0,19833.0,19844.0,,,0.00,78.27,39.27,,,5000,11.627459,48.247165,11.577172,48.136629,3.97
467,0,0,50918.0,50939.0,,,0.00,192.25,194.25,,,3475,11.577183,48.136619,11.5665543,48.1208541,14.65
467,1,0,42965.0,42981.0,00:23:00,00:16:00,6.85,116.42,115.42,2010-07-14 15:58:01,2010-07-14 16:37:01,1525,11.5556112,48.1442204,11.5361258,48.1461103,28.17
468,0,0,759239.0,759395.0,,,0.00,1003.96,1014.96,,,4553,11.5665805,48.1208581,11.558576,48.176358,166.76
468,1,0,7775.0,7776.0,00:38:51,00:22:51,6.43,47.52,54.52,2010-07-13 16:07:56,2010-07-13 17:09:38,447,11.5704703,48.1147903,11.5938323,48.1371009,17.39
469,0,0,4848.0,4849.0,00:26:02,00:03:00,5.33,43.48,36.48,2010-07-13 17:09:43,2010-07-13 17:38:45,287,11.594063,48.1371438,11.5704005,48.114624,16.89
469,1,0,21722.0,21728.0,,,0.00,122.36,72.36,,,1064,11.529918,48.248202,11.537105,48.124958,20.42
469,2,0,13298.0,13300.0,01:00:33,00:00:15,5.27,89.65,91.65,2010-07-12 19:09:28,2010-07-12 20:10:16,3649,11.5430787,48.132191,11.5220998,48.1279845,3.64
46,0,0,42793.0,42812.0,,,0.00,351.55,374.55,,,5000,11.6973094,48.0703219,11.6877079,48.0800586,8.56
470,0,0,6955.0,6964.0,00:52:08,,5.54,41.18,20.18,2010-07-12 20:10:17,2010-07-12 21:02:25,880,11.522169,48.1279794,11.5320244,48.0995901,7.90
470,1,0,245272.0,245350.0,,,0.00,847.24,766.24,,,2882,11.656625,48.248158,11.6162351,48.0616386,85.10
470,2,0,28875.0,28877.0,01:24:47,00:38:49,7.85,111.05,111.05,2010-07-07 13:30:07,2010-07-07 15:33:43,1238,11.5921648,48.1841024,11.4202136,48.1919872,23.32
471,0,0,13342.0,13343.0,00:36:54,00:12:30,8.00,35.44,50.44,2010-07-07 15:33:47,2010-07-07 16:23:11,475,11.4205128,48.1920288,11.3708384,48.2481088,28.09
471,1,0,21327.0,21331.0,00:24:54,00:05:17,26.45,127.24,127.24,2010-03-13 09:19:36,2010-03-13 09:49:47,1765,11.598152,48.131771,11.412872,48.154613,12.08
471,1,1,20450.0,20453.0,00:29:20,00:07:47,25.87,118.03,114.03,2010-03-13 14:30:05,2010-03-13 15:07:12,2200,11.412911,48.154621,11.600696,48.129925,9.30
471,1,2,7990.0,7991.0,00:06:18,00:01:17,33.76,55.71,31.71,2010-03-14 12:57:23,2010-03-14 13:04:58,451,11.59923,48.125275,11.63681,48.061794,17.72
471,1,3,3507.0,3508.0,00:01:54,,35.00,9.35,18.35,2010-03-14 16:39:01,2010-03-14 16:40:55,109,11.63707,48.061626,11.616314,48.089508,32.18
472,0,0,4966.0,4967.0,00:05:51,00:00:54,26.40,25.56,36.56,2010-03-14 16:40:56,2010-03-14 16:47:41,406,11.616241,48.089802,11.599899,48.128933,12.23
472,0,1,312.0,312.0,00:02:01,00:00:03,5.05,0.00,0.00,2010-03-23 06:16:18,2010-03-23 06:18:22,125,11.601641,48.129822,11.601098,48.130051,2.49
472,0,2,7636.0,7636.0,00:04:38,,31.02,24.24,37.24,2010-03-23 07:54:23,2010-03-23 07:59:01,279,11.679357,48.196423,11.642972,48.248192,27.37
472,0,3,34995.0,34999.0,00:46:58,00:31:48,31.47,182.70,135.70,2010-03-23 15:34:20,2010-03-23 16:53:06,4167,11.642727,48.248077,11.600558,48.129662,8.40
472,0,4,16.0,16.0,00:00:17,00:00:05,0.00,0.00,0.00,2010-04-03 09:48:35,2010-04-03 09:48:57,23,11.60041,48.12973,11.600339,48.129677,0.71
473,0,0,12570.0,12578.0,01:01:11,00:15:27,5.67,148.94,136.94,2010-04-03 09:48:58,2010-04-03 11:05:36,4599,11.60034,48.129677,11.541129,48.061607,2.73
473,0,1,1864.0,1866.0,00:06:40,,5.73,30.39,35.39,2010-04-03 13:15:03,2010-04-03 13:21:43,401,11.539133,48.061611,11.538093,48.077789,4.65
474,0,0,8162.0,8167.0,00:30:40,00:01:40,6.00,84.32,96.32,2010-04-03 13:21:44,2010-04-03 13:54:04,1941,11.538084,48.077831,11.59016,48.131416,4.21
474,0,1,9378.0,9382.0,00:13:18,00:02:27,16.21,94.47,75.47,2010-05-15 13:31:03,2010-05-15 13:46:48,946,11.603318,48.127354,11.542216,48.061699,9.91
474,0,2,9983.0,9985.0,00:13:15,00:14:43,31.92,64.69,41.69,2010-05-22 10:07:59,2010-05-22 10:35:57,1670,11.60069,48.129944,11.637041,48.061611,5.98
474,0,3,8088.0,8089.0,00:06:55,00:00:35,29.70,32.46,54.46,2010-06-06 21:52:00,2010-06-06 21:59:30,443,11.637122,48.061604,11.600752,48.126186,18.26
475,0,0,1917.0,1917.0,00:17:22,00:02:52,5.82,5.38,6.38,2010-06-06 21:59:31,2010-06-06 22:19:45,1171,11.600843,48.126244,11.60104,48.12978,1.64
475,0,1,11441.0,11459.0,00:47:28,00:17:34,7.04,204.01,237.01,2010-06-10 12:49:11,2010-06-10 13:54:13,3829,11.542111,48.061642,11.60101,48.130386,2.99
476,0,0,3715.0,3715.0,00:55:49,00:27:30,1.85,0.00,0.00,2010-06-10 13:54:14,2010-06-10 15:17:33,5000,11.601008,48.130386,11.600878,48.130394,0.74
477,0,0,2993.0,2993.0,00:52:37,00:30:50,1.67,0.00,0.00,2010-06-10 15:17:34,2010-06-10 16:41:01,5000,11.600881,48.13039,11.601557,48.129875,0.60
478,0,0,435.0,435.0,00:06:33,00:02:23,1.86,0.00,0.00,2010-06-10 16:41:02,2010-06-10 16:49:58,537,11.601542,48.129898,11.601411,48.129917,0.81
478,1,0,231575.0,231619.0,,,0.00,500.57,549.57,,,4463,11.4975904,48.1165539,11.473334,48.209869,51.89
479,0,0,91931.0,91953.0,,,0.00,258.00,263.00,,,3358,11.47328,48.209866,11.6788166,48.2227516,27.38
479,1,0,5989.0,5990.0,00:27:02,00:00:19,5.70,44.93,49.93,2010-07-05 19:02:25,2010-07-05 19:29:46,1642,11.5443052,48.1324329,11.5599554,48.1013287,3.65
47,0,0,52856.0,52885.0,,,0.00,340.72,337.72,,,5000,11.6877299,48.0799692,11.7008927,48.0753111,10.57
480,0,0,6263.0,6265.0,00:25:14,,5.69,53.98,48.98,2010-07-05 19:29:47,2010-07-05 19:55:01,1515,11.5599268,48.1013009,11.5443106,48.1324273,4.13
480,1,0,62538.0,62578.0,,,0.00,369.89,388.89,,,2835,11.5939499,48.1688319,11.470927,48.217594,22.06
480,2,0,16236.0,16237.0,00:10:31,00:00:18,35.50,73.89,95.89,2010-07-03 12:22:28,2010-07-03 12:33:17,650,11.360909,48.114021,11.54045,48.145349,24.98
481,0,0,3399.0,3400.0,00:06:15,00:05:19,16.65,19.53,28.53,2010-07-03 12:33:18,2010-07-03 12:44:52,695,11.540634,48.145306,11.573189,48.151065,4.89
481,1,0,19649.0,19651.0,00:16:47,00:05:37,34.49,91.35,122.35,2010-07-03 12:22:28,2010-07-03 12:44:52,1345,11.360909,48.114021,11.573189,48.151065,14.61
481,2,0,16853.0,16855.0,00:15:50,00:03:14,32.96,80.27,84.27,2010-07-02 06:27:35,2010-07-02 06:46:39,1145,11.512888,48.097869,11.361005,48.114167,14.72
481,3,0,1719.0,1719.0,00:09:22,,6.98,18.75,12.75,2010-07-04 11:56:50,2010-07-04 12:06:12,219,11.5789407,48.1271016,11.570599,48.1147474,7.85
481,4,0,13746.0,13748.0,,,0.00,76.88,77.88,,,366,11.6332659,48.1001629,11.633366,48.0997599,37.56
481,5,0,1905.0,1907.0,00:09:39,00:20:52,5.03,25.51,25.51,2010-07-03 19:02:04,2010-07-03 19:32:35,501,11.5706312,48.1149673,11.5706473,48.1145596,3.80
481,6,0,7770.0,7771.0,00:29:22,02:21:17,12.16,50.44,51.44,2010-07-01 15:45:50,2010-07-01 18:36:29,605,11.5708136,48.1149673,11.5708565,48.1147742,12.84
481,7,0,1562.0,1564.0,00:06:13,00:01:04,5.82,27.56,21.56,2010-06-30 15:46:05,2010-06-30 15:53:22,124,11.5702021,48.11486,11.5542054,48.112564,12.59
482,0,0,7194.0,7196.0,00:37:30,02:31:11,6.04,52.08,58.08,2010-06-30 15:53:25,2010-06-30 19:02:06,603,11.5540176,48.1125372,11.5702289,48.1148386,11.93
482,1,0,69102.0,69121.0,,,0.00,239.03,260.03,,,4132,11.633278,48.100273,11.7228517,48.1550604,16.72
482,2,0,3928.0,3928.0,00:00:53,,47.31,17.69,10.69,2010-06-27 09:35:34,2010-06-27 09:36:27,265,11.360837,48.1139796,11.3805706,48.1170363,14.82
483,0,0,39883.0,39888.0,00:14:46,00:07:43,46.18,140.22,177.22,2010-06-27 09:36:27,2010-06-27 09:58:56,3513,11.3808302,48.1170385,11.5599989,48.1435377,11.35
483,0,1,6475.0,6476.0,00:05:12,00:01:35,16.16,34.92,31.92,2010-06-28 17:40:21,2010-06-28 17:47:08,1487,11.5764874,48.1191643,11.5584108,48.1346695,4.35
484,0,0,3119.0,3119.0,00:03:54,00:11:22,10.47,12.73,12.73,2010-06-28 17:47:09,2010-06-28 18:02:25,1114,11.5584153,48.1347478,11.5599447,48.1435096,2.80
484,1,0,11131.0,11135.0,00:32:29,00:01:37,9.58,77.62,129.62,2010-05-11 18:51:57,2010-05-11 19:26:03,893,11.55616,48.064827,11.561058,48.143726,12.46
484,1,1,31968.0,31972.0,01:08:10,05:06:11,27.75,157.50,198.50,2010-06-29 18:22:20,2010-06-30 00:36:41,1612,11.495666,48.083691,11.560558,48.143482,19.83
484,2,0,32608.0,32618.0,,,0.00,116.32,136.32,,,1381,11.5779778,48.1059343,11.6913196,48.1464314,23.61
485,0,0,28442.0,28454.0,,,0.00,118.71,143.71,,,4999,11.6912132,48.1465162,11.662125,48.21719,5.69
485,1,0,0.0,0.0,,,0.00,0.00,0.00,2008-10-02 13:53:00,2008-10-02 13:53:00,1,11.589151,48.19289,11.589151,48.19289,0.00
486,0,0,21571.0,21574.0,,,0.00,124.39,139.39,,,5000,11.662066,48.217206,11.668515,48.2322216,4.31
487,0,0,27680.0,27692.0,,,0.00,119.76,80.76,,,4066,11.6684766,48.2322016,11.7024223,48.1475514,6.81
487,1,0,20665.0,20668.0,01:03:58,00:23:53,7.90,100.35,124.35,2010-06-28 13:17:20,2010-06-28 14:45:11,934,11.594648,48.1816,11.6823784,48.248128,22.13
488,0,0,86250.0,86296.0,,,0.00,501.49,470.49,,,3830,11.7023355,48.1475704,11.597682,48.086495,22.52
488,1,0,5315.0,5317.0,00:26:45,01:04:52,5.79,41.47,41.47,2010-06-27 17:42:51,2010-06-27 19:14:28,580,11.5701967,48.1147474,11.5702986,48.1147581,9.16
488,2,0,8.0,8.0,00:00:01,,0.00,0.00,0.00,2010-06-26 12:51:50,2010-06-26 12:51:51,2,11.360886,48.1752919,11.360895,48.1753619,3.90
488,3,0,5273.0,5274.0,00:28:59,03:41:06,5.47,35.50,36.50,2010-06-26 17:35:00,2010-06-26 21:45:05,588,11.5618282,48.1249022,11.5706259,48.1148761,8.97
489,0,0,112033.0,112065.0,,,0.00,350.05,391.05,,,3025,11.59714,48.086379,11.6757378,48.1568617,37.04
489,1,0,5401.0,5402.0,00:24:13,01:13:31,6.75,45.18,45.18,2010-06-26 12:09:03,2010-06-26 13:46:47,576,11.5705186,48.1148278,11.5704488,48.1147205,9.38
489,2,0,5754.0,5755.0,00:25:22,00:55:16,8.76,42.90,42.90,2010-06-25 18:21:58,2010-06-25 19:42:36,608,11.5704971,48.1146669,11.5702396,48.1149941,9.46
489,3,0,3391.0,3391.0,00:08:08,00:31:21,8.31,6.36,13.36,2010-06-25 08:01:35,2010-06-25 08:41:04,126,11.3610088,48.2261344,11.3708552,48.2480576,26.91
489,4,0,8287.0,8289.0,00:43:38,01:23:02,6.32,74.09,74.09,2010-06-24 15:55:41,2010-06-24 18:02:21,665,11.5701752,48.1146508,11.5706688,48.1145596,12.46
48,0,0,50579.0,50604.0,,,0.00,382.25,431.25,,,5000,11.7009627,48.0753264,11.6534564,48.1810933,10.12
490,0,0,62299.0,62309.0,,,0.00,103.36,123.36,,,5000,11.6758263,48.1568529,11.658194,48.218736,12.46
491,0,0,31729.0,31749.0,,,0.00,128.14,90.14,,,4254,11.658238,48.218726,11.623833,48.12693,7.46
491,1,0,7181.0,7182.0,00:06:53,00:00:27,32.46,49.25,23.25,2010-06-20 17:11:39,2010-06-20 17:18:59,376,11.58291,48.10805,11.59528,48.061613,19.10
491,2,0,5552.0,5553.0,00:04:26,,31.67,19.37,38.37,2010-06-20 16:07:19,2010-06-20 16:11:45,267,11.595482,48.061841,11.580543,48.108602,20.79
491,3,0,5084.0,5084.0,00:01:00,,0.00,10.29,5.29,2010-06-16 06:41:01,2010-06-16 06:42:01,103,11.5350796,48.152315,11.5365872,48.1507646,49.36
492,0,0,7150.0,7151.0,00:02:00,00:01:00,0.00,12.75,14.75,2010-06-16 06:42:01,2010-06-16 06:45:01,242,11.5366045,48.1508178,11.5355797,48.1460951,29.54
492,0,1,26357.0,26362.0,00:09:00,,0.00,85.84,76.84,2010-06-17 06:29:01,2010-06-17 06:38:01,884,11.5342799,48.1525142,11.5560195,48.1419638,29.82
492,1,0,23131.0,23133.0,00:20:00,00:01:00,7.75,33.95,42.95,1900-01-01 00:00:00,1900-01-01 00:21:00,264,11.5561886,48.1418551,11.5338331,48.152889,87.62
492,2,0,63695.0,63705.0,,,0.00,135.15,149.15,,,1006,11.4365554,48.1991525,11.402528,48.248136,63.32
492,3,0,102378.0,102385.0,01:44:00,00:32:00,7.65,161.66,159.66,2010-06-13 10:44:01,2010-06-13 13:00:01,1321,11.5269517,48.1451865,11.5275858,48.1476826,77.50
492,4,0,57564.0,57575.0,05:44:57,00:15:15,26.79,157.21,157.21,2010-06-12 13:29:16,2010-06-12 19:29:28,863,11.6548432,48.248176,11.4456984,48.2476352,66.70
492,5,0,26044.0,26045.0,00:31:00,00:04:00,7.30,42.11,44.11,2010-06-11 19:17:01,2010-06-11 19:52:01,420,11.5346436,48.1468807,11.4893841,48.1478011,62.01
493,0,0,12672.0,12674.0,00:17:00,,0.00,17.96,19.96,2010-06-11 19:52:01,2010-06-11 20:09:01,208,11.4898723,48.1479997,11.523375,48.1492544,60.92
493,1,0,136953.0,137022.0,,,0.00,379.30,385.30,,,3867,11.6904166,48.2181083,11.5575445,48.248047,35.42
493,2,0,9524.0,9527.0,00:56:19,02:07:25,5.07,80.12,82.12,2010-06-11 15:33:25,2010-06-11 18:37:09,763,11.5705239,48.1150531,11.5706366,48.1147205,12.48
493,3,0,9230.0,9230.0,00:13:00,,0.00,13.43,17.43,2010-06-10 17:19:01,2010-06-10 17:32:01,162,11.5355627,48.1463938,11.5182836,48.1436475,56.97
494,0,0,39919.0,39924.0,00:47:00,00:04:00,5.62,59.90,56.90,2010-06-10 17:32:01,2010-06-10 18:23:01,614,11.5181154,48.1436495,11.5362237,48.1464728,65.01
494,1,0,3387.0,3387.0,00:07:00,00:01:00,0.00,6.35,6.35,2010-06-10 17:27:01,2010-06-10 17:35:01,107,11.5196439,48.1436525,11.5196286,48.143636,31.65
494,2,0,11019.0,11021.0,01:03:23,04:12:44,5.54,89.29,87.29,2010-06-10 14:02:06,2010-06-10 19:18:13,818,11.5699982,48.1152784,11.570658,48.1146079,13.47
494,3,0,13114.0,13116.0,,,0.00,69.30,71.30,,,3380,11.681538,48.223843,11.66677,48.224906,3.88
494,4,0,2236.0,2236.0,00:06:00,,0.00,0.56,11.56,2010-06-10 15:29:01,2010-06-10 15:35:01,81,11.553097,48.1427042,11.5475874,48.142764,27.61
495,0,0,18503.0,18506.0,,,0.00,109.13,113.13,,,5000,11.666714,48.224915,11.671115,48.229885,3.70
496,0,0,119540.0,119591.0,,,0.00,401.57,311.57,,,3299,11.671154,48.229881,11.524892,48.062816,36.24
496,1,0,22167.0,22169.0,01:13:22,00:38:45,7.21,77.02,99.02,2010-06-08 13:19:39,2010-06-08 15:11:46,1073,11.5917656,48.1840256,11.4764136,48.248192,20.66
496,2,0,2221.0,2222.0,00:25:58,00:23:32,2.29,18.25,14.25,2010-06-08 10:47:00,2010-06-08 11:36:30,232,11.56822,48.165371,11.566767,48.163,9.57
496,3,0,1193.0,1194.0,00:06:35,,5.14,13.25,20.25,2010-06-07 19:01:23,2010-06-07 19:07:58,396,11.5441106,48.1325152,11.5543542,48.1373942,3.01
497,0,0,13965.0,13971.0,01:04:39,00:00:07,5.59,121.48,113.48,2010-06-07 19:07:59,2010-06-07 20:12:45,3848,11.5544114,48.1373813,11.5443578,48.1324503,3.63
497,1,0,246.0,246.0,00:03:42,00:06:34,1.31,1.00,0.00,2010-06-07 16:04:47,2010-06-07 16:15:03,617,11.518302,48.143592,11.519773,48.143562,0.40
497,2,0,22825.0,22838.0,,,0.00,100.39,93.39,,,535,11.5561641,48.1950779,11.536331,48.176379,42.66
498,0,0,131711.0,131784.0,,,0.00,389.16,392.16,,,3067,11.536331,48.176379,11.462587,48.189733,42.94
498,1,0,8539.0,8542.0,00:29:31,00:23:15,14.43,31.86,21.86,2010-06-03 10:48:25,2010-06-03 11:41:11,208,11.5727224,48.1166458,11.4937458,48.1374435,41.05
498,1,1,23044.0,23045.0,00:24:40,00:12:27,27.55,10.40,59.40,2010-06-03 13:02:48,2010-06-03 13:39:55,202,11.4942932,48.1373977,11.5333328,48.2467384,114.08
498,2,0,3875.0,3876.0,00:12:05,03:49:40,7.29,20.93,20.93,2010-06-05 10:44:41,2010-06-05 14:46:26,137,11.369973,48.1775209,11.3701389,48.1776499,28.29
498,3,0,0.0,0.0,,00:03:20,0.00,0.00,0.00,2010-05-22 09:22:51,2010-05-22 09:26:11,8,11.4355404,48.1552802,11.4355404,48.1552802,0.00
498,3,1,0.0,0.0,,00:00:01,0.00,0.00,0.00,2010-05-22 11:07:01,2010-05-22 11:07:02,2,11.4355404,48.1552802,11.4355404,48.1552802,0.00
498,4,0,2923.0,2925.0,00:12:21,00:00:02,4.43,22.53,25.53,2010-06-02 13:48:21,2010-06-02 14:00:44,1376,11.52347,48.121285,11.52354,48.1225433,2.12
499,0,0,869.0,869.0,00:04:18,,4.12,9.80,6.80,2010-06-02 14:00:44,2010-06-02 14:05:02,356,11.5235583,48.1225516,11.5234816,48.1213283,2.44
499,1,0,119499.0,119666.0,,,0.00,286.78,281.78,,,4644,11.721714,48.069763,11.498175,48.098358,25.73
49,0,0,43328.0,43343.0,,,0.00,309.77,258.77,,,5000,11.6534925,48.181135,11.6758944,48.0878232,8.67
4,0,0,1537.0,1538.0,00:06:03,00:03:43,5.79,16.00,9.00,2015-05-07 10:45:45,2015-05-07 10:55:31,582,11.6018954,48.1401398,11.6141247,48.1365532,2.64
4,1,0,48285.0,48294.0,,,0.00,100.50,58.50,,,2253,11.5330869,48.246458,11.4935852,48.146256,21.43
4,2,0,28843.0,28853.0,01:39:15,01:38:28,7.52,141.90,222.90,2015-04-30 09:49:59,2015-04-30 13:07:42,912,11.542188,48.0616581,11.6548486,48.2481555,31.63
4,3,0,1631.0,1632.0,00:21:58,00:00:54,2.50,12.44,14.44,2015-03-13 17:42:57,2015-03-13 18:05:49,1253,11.55588,48.086361,11.558075,48.086861,1.30
500,0,0,91460.0,91485.0,,,0.00,304.48,318.48,,,5000,11.498175,48.098358,11.5388516,48.086855,18.29
501,0,0,15676.0,15684.0,,,0.00,123.25,145.25,,,2842,11.5388733,48.0868616,11.5441166,48.109755,5.52
501,1,0,31041.0,31043.0,00:07:17,,47.53,99.48,112.48,2010-05-15 15:45:46,2010-05-15 15:53:03,2158,11.3609337,48.1139931,11.5153451,48.1241967,14.38
502,0,0,11634.0,11636.0,00:06:00,00:00:57,27.14,53.41,64.41,2010-05-15 15:53:03,2010-05-15 16:00:00,2002,11.5152951,48.1242014,11.554431,48.1465567,5.81
502,0,1,37978.0,37981.0,00:10:29,,51.97,129.75,154.75,2010-05-22 09:34:00,2010-05-22 09:44:29,2998,11.3608148,48.1139383,11.5356979,48.1457512,12.67
503,0,0,4724.0,4725.0,00:05:39,00:11:11,22.17,29.79,30.79,2010-05-22 09:44:29,2010-05-22 10:01:19,982,11.5357357,48.1457919,11.5610476,48.1423623,4.81
503,0,1,179.0,179.0,00:00:49,00:13:02,1.48,0.00,0.00,2010-05-22 15:54:03,2010-05-22 16:07:54,4018,11.5607949,48.1422629,11.5607585,48.1422408,0.04
504,0,0,17.0,17.0,,00:06:04,0.00,0.00,0.00,2010-05-22 16:07:54,2010-05-22 16:13:58,1823,11.5607584,48.1422408,11.5608122,48.1422655,0.01
504,0,1,172.0,172.0,00:00:31,00:16:02,3.27,0.90,0.90,2010-05-23 13:55:03,2010-05-23 14:11:36,3177,11.560997,48.1423152,11.5610325,48.1423703,0.05
505,0,0,12.0,12.0,,00:09:00,0.00,0.00,0.00,2010-05-23 14:11:36,2010-05-23 14:20:36,2700,11.5610325,48.1423703,11.5610292,48.1423525,0.00
505,0,1,78.0,78.0,00:00:24,00:07:16,1.18,0.00,0.00,2010-05-23 15:23:28,2010-05-23 15:31:08,2300,11.5610745,48.1423918,11.5609643,48.1423908,0.03
506,0,0,5.0,5.0,,00:03:56,0.00,0.00,0.00,2010-05-23 15:31:08,2010-05-23 15:35:04,1180,11.5609644,48.1423908,11.5609528,48.1423939,0.00
506,0,1,18812.0,18814.0,00:04:27,,48.85,73.89,67.89,2010-05-28 11:36:03,2010-05-28 11:40:30,1312,11.455876,48.1248027,11.3608216,48.1141526,14.34
506,1,0,17822.0,17827.0,,,0.00,121.14,155.14,,,2508,11.378569,48.061628,11.50327,48.137653,7.11
507,0,0,291093.0,291123.0,,,0.00,609.77,591.77,,,3897,11.503286,48.137723,11.36261,48.114625,74.70
507,1,0,4080.0,4081.0,00:04:58,00:01:30,18.46,17.71,17.71,2010-03-26 12:09:14,2010-03-26 12:15:42,319,11.360807,48.195744,11.360807,48.195304,12.79
507,2,0,2519.0,2519.0,00:13:00,00:00:03,4.67,17.06,20.06,2010-05-24 13:03:39,2010-05-24 13:16:42,784,11.5432897,48.1322148,11.5191879,48.1395421,3.21
508,0,0,11200.0,11203.0,01:02:08,00:00:10,3.83,96.20,93.20,2010-05-24 13:16:43,2010-05-24 14:19:01,3739,11.5191337,48.1395711,11.5443877,48.1324081,3.00
508,1,0,33997.0,34031.0,,,0.00,206.98,269.98,,,1261,11.7227355,48.0999946,11.6774206,48.2379226,26.96
509,0,0,57784.0,57812.0,,,0.00,192.74,182.74,,,4459,11.6776418,48.237915,11.6630733,48.21813,12.96
509,1,0,14698.0,14699.0,00:57:43,08:34:53,5.57,53.59,53.59,2010-05-23 05:35:15,2010-05-23 15:07:51,541,11.5320768,48.0998897,11.5321074,48.0999154,27.17
50,0,0,40311.0,40332.0,,,0.00,384.01,388.01,,,5000,11.6759991,48.0877963,11.6888803,48.0851908,8.06
510,0,0,20096.0,20099.0,,,0.00,93.22,107.22,,,5000,11.6631033,48.218115,11.662849,48.227478,4.02
511,0,0,17465.0,17467.0,,,0.00,94.94,86.94,,,5000,11.662855,48.227459,11.678556,48.222803,3.49
512,0,0,17448.0,17450.0,,,0.00,103.60,97.60,,,5000,11.678564,48.222772,11.663443,48.219197,3.49
513,0,0,84894.0,84911.0,,,0.00,223.38,217.38,,,3588,11.663429,48.219165,11.382561,48.195883,23.66
513,1,0,6119.0,6122.0,01:24:22,00:13:50,1.91,38.59,38.59,2010-05-23 10:46:21,2010-05-23 12:24:33,801,11.601321,48.170101,11.601214,48.169979,7.64
513,2,0,2008.0,2012.0,00:15:36,01:00:44,2.04,17.57,14.57,2010-05-22 10:46:35,2010-05-22 12:02:55,611,11.7157439,48.1765889,11.7218872,48.177416,3.29
514,0,0,90703.0,90752.0,,,0.00,250.19,262.19,,,5000,11.382609,48.195973,11.675817,48.219434,18.14
515,0,0,20126.0,20127.0,,,0.00,76.86,76.86,,,4947,11.675814,48.219411,11.6806766,48.2237283,4.07
515,1,0,999.0,999.0,00:02:54,,7.68,4.30,4.30,2010-05-18 13:37:27,2010-05-18 13:40:21,53,11.603628,48.1796448,11.6109552,48.186272,18.84
516,0,0,12872.0,12874.0,00:40:19,00:22:49,7.53,61.07,80.07,2010-05-18 13:40:24,2010-05-18 14:43:32,783,11.6111136,48.1864064,11.6548784,48.2481984,16.44
516,1,0,14726.0,14732.0,00:57:26,,5.55,132.37,131.37,2010-05-17 19:01:34,2010-05-17 19:59:00,3418,11.5441495,48.132506,11.5442494,48.132449,4.31
516,2,0,21845.0,21847.0,01:20:28,00:02:24,6.25,74.49,74.49,2010-05-16 12:16:54,2010-05-16 13:39:46,549,11.4353125,48.1554175,11.435338,48.1552999,39.79
516,3,0,943.0,944.0,00:03:52,00:00:51,5.05,11.71,9.71,2010-05-15 18:59:57,2010-05-15 19:04:40,250,11.556005,48.139296,11.548912,48.143576,3.77
517,0,0,1192.0,1192.0,00:04:09,,5.24,7.49,7.49,2010-05-15 19:04:41,2010-05-15 19:08:50,250,11.548871,48.143585,11.534545,48.147255,4.77
517,1,0,22609.0,22610.0,01:01:45,03:45:53,8.26,15.52,82.52,2006-09-10 14:47:08,2006-09-10 19:34:46,125,11.5426533,48.0627133,11.54878,48.2059233,180.87
517,2,0,19628.0,19630.0,,,0.00,94.18,93.18,,,4625,11.6820984,48.2241248,11.6840888,48.22504,4.24
518,0,0,22792.0,22794.0,,,0.00,109.53,110.53,,,5000,11.68414,48.2250112,11.685372,48.226678,4.56
519,0,0,62491.0,62494.0,,,0.00,101.86,103.86,,,4350,11.685428,48.226683,11.61361,48.226477,14.37
519,1,0,12759.0,12760.0,01:26:31,00:01:48,5.16,35.96,35.96,2010-05-11 14:26:16,2010-05-11 15:54:35,650,11.366469,48.189091,11.367319,48.189819,19.63
51,0,0,56706.0,56724.0,,,0.00,314.10,325.10,,,5000,11.6889543,48.0851916,11.53577,48.116736,11.34
520,0,0,434.0,434.0,00:03:15,00:01:15,4.02,1.68,1.68,2010-05-11 15:54:37,2010-05-11 15:59:07,49,11.367229,48.189816,11.367481,48.189705,8.86
520,1,0,46563.0,46573.0,,,0.00,197.97,188.97,,,1611,11.3682236,48.1904356,11.644328,48.16934,28.90
520,2,0,11131.0,11135.0,00:32:29,00:01:37,9.58,77.62,129.62,2010-05-11 18:51:57,2010-05-11 19:26:03,893,11.55616,48.064827,11.561058,48.143726,12.46
520,3,0,18185.0,18186.0,00:54:57,00:01:17,7.31,35.12,74.12,2010-05-09 10:23:19,2010-05-09 11:19:33,417,11.4354775,48.1552877,11.4026246,48.2479531,43.61
520,3,1,16720.0,16721.0,01:00:26,,5.79,86.54,44.54,2010-05-09 13:24:42,2010-05-09 14:25:08,465,11.4162028,48.2479409,11.4353728,48.1552998,35.96
520,3,2,18370.0,18370.0,00:55:30,00:00:30,7.22,35.26,74.26,2010-05-09 10:23:34,2010-05-09 11:19:34,404,11.4353734,48.1553594,11.4026101,48.2480335,45.47
520,3,3,16704.0,16705.0,01:00:32,,5.69,82.78,40.78,2010-05-09 13:24:38,2010-05-09 14:25:10,443,11.4162055,48.248118,11.4353122,48.1553339,37.71
520,4,0,15143.0,15145.0,00:49:04,00:03:12,6.47,35.89,79.89,2008-03-15 10:22:12,2008-03-15 11:14:28,476,11.4353763,48.1553856,11.4278587,48.2479346,31.81
520,4,1,10732.0,10732.0,00:36:36,00:02:27,6.65,41.73,21.73,2008-03-15 12:42:27,2008-03-15 13:21:30,242,11.4162563,48.2481245,11.3865037,48.2004274,44.35
521,0,0,10086.0,10087.0,00:38:05,00:00:57,5.61,51.79,29.79,2008-03-15 13:21:34,2008-03-15 14:00:36,319,11.3865774,48.2003286,11.4353071,48.1556809,31.62
521,0,1,15187.0,15189.0,00:48:19,00:04:03,6.46,34.68,78.68,2008-03-15 10:22:10,2008-03-15 11:14:32,474,11.4354091,48.1553328,11.42784,48.2480851,32.04
521,0,2,20780.0,20782.0,01:17:48,00:00:32,5.89,88.93,46.93,2008-03-15 12:42:26,2008-03-15 14:00:46,559,11.4162744,48.2482195,11.435363,48.1553123,37.17
521,1,0,41502.0,41511.0,,,0.00,69.12,88.12,,,807,11.6587714,48.0668313,11.365342,48.129281,51.43
521,2,0,19845.0,19848.0,01:19:51,00:11:47,5.52,104.59,104.59,2010-05-09 14:40:18,2010-05-09 16:11:56,2841,11.4677533,48.1610316,11.4689983,48.1609516,6.99
522,0,0,164245.0,164286.0,,,0.00,478.01,487.01,,,2865,11.365456,48.12931,11.555655,48.140984,57.33
522,1,0,13287.0,13288.0,00:49:39,00:05:31,8.36,42.78,61.78,2010-03-30 13:38:09,2010-03-30 14:33:19,502,11.5935488,48.1836192,11.527048,48.248208,26.47
522,2,0,0.0,0.0,,,0.00,0.00,0.00,2010-05-01 16:25:13,2010-05-01 16:25:13,1,11.4963233,48.1217166,11.4963233,48.1217166,0.00
522,2,1,487.0,487.0,00:00:56,,11.97,4.09,1.09,2010-05-01 16:25:20,2010-05-01 16:26:16,57,11.4963133,48.1217733,11.50214,48.12015,8.54
522,2,2,613.0,613.0,00:00:49,,17.60,0.62,5.62,2010-05-01 16:27:01,2010-05-01 16:27:50,50,11.5021416,48.1201183,11.5028033,48.1253133,12.25
522,2,3,77.0,77.0,00:00:15,,0.00,4.00,0.00,2010-05-01 16:28:03,2010-05-01 16:28:18,16,11.50281,48.1253216,11.5028883,48.1260083,4.81
522,2,4,7895.0,7896.0,00:07:49,,23.36,43.05,38.05,2010-05-01 16:28:27,2010-05-01 16:36:16,470,11.502885,48.1260216,11.423675,48.1059683,16.80
522,2,5,1593.0,1593.0,00:02:14,,15.81,9.89,4.89,2010-05-01 16:36:40,2010-05-01 16:38:54,135,11.4237133,48.10592,11.4123283,48.0955783,11.80
522,2,6,4335.0,4335.0,00:05:19,00:00:01,16.25,25.01,10.01,2010-05-01 16:39:00,2010-05-01 16:44:20,321,11.41231,48.0955666,11.380665,48.0666466,13.51
522,2,7,771.0,771.0,00:01:02,,16.00,3.58,1.58,2010-05-01 16:44:54,2010-05-01 16:45:56,63,11.3807,48.0666533,11.37418,48.0616716,12.24
522,2,8,709.0,710.0,00:00:58,00:00:01,15.43,2.28,2.28,2010-05-01 18:04:13,2010-05-01 18:05:12,60,11.374195,48.0616266,11.380115,48.066415,11.82
522,2,9,6074.0,6074.0,00:07:39,,16.04,14.77,33.77,2010-05-01 18:05:27,2010-05-01 18:13:06,460,11.3801116,48.06642,11.423395,48.1038033,13.20
523,0,0,205.0,205.0,00:00:20,00:00:01,12.47,0.00,1.00,2010-05-01 18:13:07,2010-05-01 18:13:28,22,11.423405,48.1039016,11.4237633,48.1057283,9.33
523,0,1,7822.0,7822.0,00:07:58,,23.74,34.80,41.80,2010-05-01 18:13:32,2010-05-01 18:21:30,479,11.42377,48.10573,11.50201,48.1208983,16.33
523,0,2,70.0,70.0,00:00:18,,0.00,0.00,0.00,2010-05-01 18:24:15,2010-05-01 18:24:33,19,11.5020366,48.1208,11.5023983,48.1203183,3.68
523,0,3,516.0,516.0,00:01:02,,11.36,0.65,3.65,2010-05-01 18:24:54,2010-05-01 18:25:56,63,11.5024116,48.12031,11.4962683,48.121685,8.18
523,0,4,457.0,457.0,00:00:48,,11.55,4.22,1.22,2010-05-01 18:26:17,2010-05-01 18:27:05,49,11.4963183,48.1216666,11.50195,48.1201833,9.33
523,0,5,10.0,10.0,00:00:06,,0.00,0.00,0.00,2010-05-01 18:30:29,2010-05-01 18:30:35,7,11.5020266,48.12025,11.5021583,48.12024,1.41
523,0,6,3679.0,3680.0,00:04:01,,18.82,17.73,25.73,2010-05-01 18:31:25,2010-05-01 18:35:26,242,11.5022083,48.12019,11.534585,48.1342783,15.20
523,0,7,1508.0,1509.0,00:01:41,00:00:01,17.56,5.46,14.46,2010-05-01 18:35:51,2010-05-01 18:37:33,103,11.5344816,48.1381616,11.537185,48.151455,14.64
523,0,8,251.0,252.0,00:00:23,00:00:01,16.68,2.78,1.78,2010-05-01 18:37:54,2010-05-01 18:38:18,25,11.5371966,48.1514416,11.5372766,48.1537033,10.06
523,0,9,263.0,263.0,00:00:25,,14.52,0.57,0.57,2010-05-01 18:38:48,2010-05-01 18:39:13,26,11.537285,48.15371,11.5396933,48.1553633,10.10
523,0,10,336.0,336.0,00:00:29,00:00:01,15.35,0.59,3.59,2010-05-01 18:39:33,2010-05-01 18:40:03,31,11.5396983,48.1554216,11.5433316,48.1571816,10.84
523,0,11,28.0,28.0,00:00:09,,0.00,0.00,3.00,2010-05-01 18:40:09,2010-05-01 18:40:18,10,11.5433333,48.157175,11.5434533,48.15736,2.81
523,0,12,175.0,175.0,00:00:19,,0.00,3.16,0.16,2010-05-01 18:40:37,2010-05-01 18:40:56,20,11.5433966,48.157355,11.541575,48.15637,8.73
523,1,0,37119.0,37130.0,,,0.00,203.38,206.38,,,918,11.3928053,48.0832637,11.5054476,48.084628,40.43
523,2,0,9473.0,9475.0,00:26:25,00:02:10,7.50,80.33,47.33,2010-04-29 06:41:51,2010-04-29 07:10:26,394,11.3608,48.1380352,11.3742336,48.0617792,24.04
523,3,0,98.0,99.0,00:00:13,00:00:28,0.00,0.00,12.00,2010-04-26 18:20:16,2010-04-26 18:20:57,16,11.5878763,48.12563,11.5865919,48.1258029,6.12
523,3,1,7.0,8.0,00:00:01,,0.00,0.00,3.00,2010-04-26 18:20:58,2010-04-26 18:20:59,2,11.5865019,48.1258262,11.5864135,48.1258496,3.53
523,3,2,689.0,690.0,00:01:41,00:00:17,10.26,3.11,9.11,2010-04-26 18:21:00,2010-04-26 18:22:58,96,11.5858352,48.1261229,11.5778702,48.1268429,7.18
523,3,3,0.0,0.0,,,0.00,0.00,0.00,2010-04-26 18:22:59,2010-04-26 18:22:59,1,11.5778019,48.1267946,11.5778019,48.1267946,0.00
523,3,4,2141.0,2142.0,00:04:19,,9.09,24.89,19.89,2010-04-26 18:23:00,2010-04-26 18:27:19,247,11.5776519,48.1267446,11.5609169,48.1126462,8.67
523,3,5,0.0,0.0,,,0.00,0.00,0.00,2010-04-26 18:27:20,2010-04-26 18:27:20,1,11.5609319,48.1125746,11.5609319,48.1125746,0.00
523,3,6,18963.0,18984.0,01:57:56,00:01:17,9.70,236.87,243.87,2010-04-26 18:27:21,2010-04-26 20:26:34,2229,11.5609435,48.1124979,11.5812969,48.1246229,8.51
524,0,0,616.0,617.0,00:01:54,,6.75,19.88,0.88,2010-04-26 20:26:35,2010-04-26 20:28:29,109,11.5813469,48.1246596,11.5879319,48.1254396,5.65
524,0,1,0.0,0.0,,,0.00,0.00,0.00,2010-04-26 20:28:31,2010-04-26 20:28:31,1,11.5879285,48.1254212,11.5879285,48.1254212,0.00
524,0,2,10.0,10.0,00:00:09,00:03:43,0.00,0.00,0.00,2010-04-26 20:28:33,2010-04-26 20:32:25,12,11.5879252,48.1253896,11.5880102,48.1253429,0.86
524,1,0,271565.0,271618.0,,,0.00,512.45,548.45,,,3329,11.545352,48.147584,11.514874,48.216822,81.58
524,2,0,30881.0,30884.0,01:47:44,00:39:27,7.21,139.55,147.55,2010-04-27 13:39:39,2010-04-27 16:06:50,1549,11.5944272,48.1836128,11.38244,48.2262272,19.94
525,0,0,105907.0,105957.0,,,0.00,417.68,399.68,,,5000,11.515163,48.216999,11.536705,48.1763983,21.18
526,0,0,55842.0,55889.0,,,0.00,217.77,177.77,,,4416,11.536685,48.1764,11.5225033,48.1021383,12.65
526,1,0,363.0,363.0,00:05:14,00:01:14,2.14,4.36,0.36,2009-11-01 18:04:23,2009-11-01 18:10:51,27,11.540873,48.12153,11.541655,48.12173,13.45
526,2,0,26949.0,26968.0,05:58:06,00:00:26,7.92,86.57,86.57,2010-04-25 11:35:00,2010-04-25 17:33:32,270,11.366174,48.174251,11.366547,48.174235,99.81
526,3,0,216.0,216.0,00:03:46,00:00:20,1.32,2.00,0.00,2010-04-25 15:03:19,2010-04-25 15:07:25,37,11.456105,48.0998916,11.45845,48.099645,5.83
526,4,0,268.0,268.0,00:03:57,00:00:25,1.43,0.80,0.80,2010-04-25 14:45:58,2010-04-25 14:50:20,46,11.45241,48.0994683,11.4559533,48.0998533,5.82
526,5,0,432.0,432.0,00:05:17,00:01:14,1.67,2.31,5.31,2010-04-25 14:38:48,2010-04-25 14:45:19,74,11.4492683,48.0993766,11.4523883,48.09947,5.84
526,6,0,758.0,758.0,00:09:39,00:03:53,1.81,11.45,8.45,2010-04-25 14:24:44,2010-04-25 14:38:16,130,11.4479583,48.1044433,11.449265,48.09938,5.83
527,0,0,37024.0,37031.0,,,0.00,123.04,134.04,,,5000,11.5225133,48.1021133,11.633879,48.106259,7.40
528,0,0,65137.0,65172.0,,,0.00,264.26,258.26,,,4437,11.633908,48.106254,11.392458,48.123062,14.68
528,1,0,3781.0,3781.0,00:23:03,00:02:25,5.56,28.25,17.25,2010-04-24 12:31:09,2010-04-24 12:56:37,300,11.530354,48.131668,11.540403,48.121775,12.60
528,1,1,2173.0,2173.0,00:32:51,,1.59,10.08,10.08,2010-04-24 18:31:59,2010-04-24 19:04:50,171,11.536565,48.126916,11.54624,48.130343,12.70
528,1,2,1066.0,1066.0,00:15:48,00:00:25,1.59,5.36,4.36,2010-04-24 19:21:40,2010-04-24 19:37:53,92,11.538645,48.130274,11.537345,48.126827,11.58
529,0,0,50332.0,50358.0,,,0.00,282.08,301.08,,,5000,11.39243,48.12302,11.5462933,48.1327324,10.07
52,0,0,29525.0,29559.0,,,0.00,159.12,189.12,,,5000,11.535778,48.116742,11.6976556,48.164751,5.91
530,0,0,26567.0,26586.0,,,0.00,114.32,120.32,,,1991,11.5462446,48.1327057,11.570508,48.1250076,13.34
530,1,0,43292.0,43292.0,,,0.00,24.11,25.11,1970-01-01 00:00:00,1970-01-01 00:00:00,272,11.7123,48.1668533,11.71449,48.1692867,159.16
530,2,0,17848.0,17849.0,00:13:53,00:02:00,33.88,33.80,63.80,2010-04-08 14:43:33,2010-04-08 14:59:26,168,11.3614361,48.1141402,11.5598895,48.1437129,106.24
530,2,1,11597.0,11602.0,00:18:05,00:06:20,16.56,81.95,26.95,2010-04-12 04:58:15,2010-04-12 05:22:40,294,11.5596498,48.1435371,11.5573918,48.0640568,39.45
530,2,2,17602.0,17603.0,00:13:22,00:01:20,32.60,62.49,36.49,2010-04-15 07:44:11,2010-04-15 07:58:53,159,11.5600172,48.1430233,11.361255,48.1141962,110.71
530,2,3,28044.0,28046.0,00:07:07,,43.40,89.22,104.22,2010-04-16 13:55:06,2010-04-16 14:02:13,2116,11.360967,48.1140546,11.4980939,48.1253656,13.25
531,0,0,17219.0,17222.0,00:07:50,00:39:41,32.91,70.29,81.29,2010-04-16 14:02:13,2010-04-16 14:49:44,2245,11.4980353,48.1253548,11.561052,48.1423673,7.67
531,0,1,274.0,274.0,00:00:26,00:08:44,7.84,1.32,1.32,2010-04-17 07:58:35,2010-04-17 08:07:45,2755,11.5596187,48.1434861,11.5599584,48.1434841,0.10
532,0,0,0.0,0.0,,00:00:08,0.00,0.00,0.00,2010-04-17 08:07:46,2010-04-17 08:07:54,45,11.5599584,48.143484,11.5599576,48.1434837,0.00
532,0,1,42481.0,42486.0,00:47:03,00:01:55,33.10,143.68,169.68,2010-04-17 10:08:50,2010-04-17 10:57:48,4955,11.5571359,48.1512778,11.5882116,48.2271871,8.57
533,0,0,27043.0,27047.0,00:18:16,00:08:02,22.82,116.32,90.32,2010-04-17 10:57:49,2010-04-17 11:24:07,5000,11.5881272,48.2271838,11.55886,48.1478592,5.41
534,0,0,2011.0,2012.0,00:01:44,02:13:23,15.41,8.26,9.26,2010-04-17 11:25:19,2010-04-17 13:40:26,526,11.5588665,48.1478509,11.5603229,48.1422921,3.82
534,0,1,344.0,344.0,00:00:34,00:08:53,5.46,0.14,0.14,2010-04-18 15:47:28,2010-04-18 15:56:55,2775,11.5605692,48.1422053,11.5605428,48.1422845,0.12
534,0,2,8930.0,8931.0,00:04:52,00:00:48,22.24,43.32,26.32,2010-04-19 05:13:33,2010-04-19 05:19:13,1699,11.576809,48.1135058,11.5545072,48.0864084,5.26
535,0,0,7976.0,7977.0,00:04:34,00:25:27,24.31,41.01,21.01,2010-04-19 05:19:13,2010-04-19 05:49:14,5000,11.554515,48.0864308,11.5573332,48.0640997,1.60
536,0,0,110.0,111.0,00:00:26,00:23:38,1.80,1.00,1.00,2010-04-19 05:49:14,2010-04-19 06:13:18,5000,11.5573332,48.0640997,11.5574078,48.0640371,0.02
537,0,0,1.0,1.0,,00:00:31,0.00,0.00,0.00,2010-04-19 06:13:19,2010-04-19 06:13:50,158,11.5574077,48.0640371,11.5574062,48.0640379,0.00
537,0,1,19822.0,19825.0,00:13:25,00:02:43,20.82,56.35,110.35,2010-04-19 16:30:27,2010-04-19 16:46:35,4842,11.5519584,48.0678534,11.5651795,48.1239695,4.09
538,0,0,7992.0,7996.0,00:12:05,00:05:29,17.38,41.39,43.39,2010-04-19 16:46:35,2010-04-19 17:04:09,5000,11.5651978,48.1239644,11.5598538,48.1442001,1.60
539,0,0,8.0,8.0,,00:04:34,0.00,0.00,0.00,2010-04-19 17:04:09,2010-04-19 17:08:43,1370,11.5598537,48.1442001,11.5598814,48.1441897,0.01
539,0,1,18538.0,18540.0,00:05:00,,45.67,76.03,67.03,2010-04-22 09:41:27,2010-04-22 09:46:27,1451,11.4555134,48.1247132,11.3608109,48.1140648,12.78
539,1,0,19634.0,19635.0,01:05:31,00:40:57,6.96,63.08,85.08,2010-04-20 13:41:09,2010-04-20 15:27:37,987,11.5933904,48.1837664,11.4487384,48.248192,19.89
539,2,0,36058.0,36082.0,,,0.00,92.16,123.16,,,1192,11.597903,48.07468,11.587895,48.153555,30.25
53,0,0,56428.0,56455.0,,,0.00,138.14,133.14,,,1479,11.6977238,48.1647833,11.5667762,48.1499971,38.15
53,1,0,20947.0,20952.0,00:42:34,00:02:40,12.53,166.60,143.60,2014-07-15 04:16:35,2014-07-15 05:01:49,2515,11.6391123,48.1696422,11.4406408,48.1181361,8.33
53,1,1,7681.0,7683.0,00:15:48,00:01:41,13.46,50.85,51.85,2014-07-15 14:32:18,2014-07-15 14:49:47,1006,11.4403427,48.1182898,11.5263882,48.1233814,7.64
540,0,0,35339.0,35369.0,,,0.00,260.19,259.19,,,5000,11.587912,48.15359,11.561368,48.1243858,7.07
541,0,0,69184.0,69235.0,,,0.00,284.76,241.76,,,4017,11.5614109,48.1244164,11.590306,48.068865,17.22
541,1,0,16827.0,16829.0,00:54:16,03:18:13,9.99,64.15,68.15,2010-04-17 14:06:30,2010-04-17 18:18:59,164,11.5713348,48.1232833,11.5723156,48.1238532,102.61
541,2,0,4264.0,4265.0,00:14:38,00:03:08,6.69,28.70,15.70,2010-04-18 09:59:18,2010-04-18 10:17:04,585,11.467185,48.1569149,11.4476233,48.1299216,7.29
541,2,1,2088.0,2088.0,00:07:21,,5.84,12.77,7.77,2010-04-18 10:17:42,2010-04-18 10:25:03,234,11.4463116,48.1286033,11.43294,48.1140383,8.92
542,0,0,7852.0,7853.0,00:26:01,00:09:13,6.37,56.62,32.62,2010-04-18 10:25:04,2010-04-18 11:00:18,971,11.4328599,48.1140233,11.3805466,48.061655,8.09
542,1,0,5927.0,5928.0,00:25:21,00:05:20,5.11,44.87,18.87,2010-04-18 08:34:08,2010-04-18 09:04:49,1512,11.514388,48.0945504,11.4726744,48.0616192,3.92
542,1,1,7482.0,7483.0,00:25:40,00:02:18,6.42,26.63,55.63,2010-04-18 16:32:29,2010-04-18 17:00:27,1546,11.4727112,48.061648,11.5322664,48.0998656,4.84
542,2,0,14531.0,14533.0,00:59:02,07:34:42,5.70,58.10,59.10,2010-04-18 07:26:34,2010-04-18 16:00:18,564,11.5328644,48.0976227,11.5322474,48.0997385,25.76
542,3,0,8098.0,8101.0,,,0.00,42.99,43.99,,,407,11.623318,48.126451,11.629405,48.127134,19.90
543,0,0,67367.0,67399.0,,,0.00,257.88,210.88,,,1281,11.628348,48.127325,11.4498138,48.0897706,52.59
543,1,0,10999.0,11001.0,02:11:15,00:01:26,1.73,76.57,55.57,2009-06-18 08:09:09,2009-06-18 10:21:50,308,11.577971,48.136691,11.539116,48.061646,35.71
543,2,0,13235.0,13237.0,00:55:56,00:01:41,5.32,96.04,96.04,2010-04-17 15:11:31,2010-04-17 16:09:08,3411,11.6514424,48.0756291,11.6512284,48.0757683,3.88
544,0,0,9418.0,9429.0,,,0.00,127.60,123.60,,,5000,11.4497601,48.0897653,11.4486712,48.0859404,1.88
545,0,0,184079.0,184156.0,,,0.00,576.56,676.56,,,4704,11.4486926,48.0859243,11.683036,48.237415,39.13
545,1,0,12030.0,12031.0,00:15:38,00:02:16,27.56,30.54,9.54,2010-04-15 06:11:07,2010-04-15 06:29:01,131,11.532873,48.247398,11.572633,48.18911,91.83
545,2,0,9517.0,9517.0,00:06:07,,30.32,11.53,4.53,2010-04-13 12:53:01,2010-04-13 12:59:08,43,11.476881,48.247335,11.360977,48.238573,221.32
545,3,0,7470.0,7470.0,00:05:11,,37.83,20.53,4.53,2010-04-13 05:15:52,2010-04-13 05:21:03,67,11.533204,48.246131,11.480655,48.21064,111.49
545,3,1,2637.0,2637.0,00:01:30,,33.59,2.67,9.67,2010-04-13 13:56:34,2010-04-13 13:58:04,25,11.48536,48.208127,11.51204,48.219487,105.48
545,3,2,4278.0,4278.0,00:02:11,,34.35,1.99,10.99,2010-04-13 13:58:15,2010-04-13 14:00:26,30,11.516893,48.221249,11.533777,48.244964,142.60
546,0,0,274463.0,274539.0,,,0.00,779.48,711.48,,,5000,11.68249,48.237497,11.5122866,48.0989083,54.89
547,0,0,330424.0,330495.0,,,0.00,696.73,701.73,,,4017,11.5122816,48.0989316,11.465709,48.118268,82.26
547,1,0,2778.0,2778.0,00:34:48,00:01:47,1.75,20.74,19.74,2010-04-11 12:22:27,2010-04-11 12:59:02,166,11.375055,48.179656,11.366776,48.177368,16.73
547,2,0,2680.0,2682.0,00:27:40,00:00:28,2.36,24.88,34.88,2009-10-21 16:14:40,2009-10-21 16:42:48,160,11.576123,48.061659,11.587005,48.061761,16.75
547,3,0,12481.0,12485.0,01:05:25,00:42:42,5.32,64.06,63.06,2010-04-10 08:56:35,2010-04-10 10:44:42,461,11.366017,48.179454,11.365932,48.178635,27.07
547,4,0,7505.0,7506.0,00:04:41,,34.59,19.75,3.75,2010-04-09 05:21:53,2010-04-09 05:26:34,54,11.532993,48.246796,11.480803,48.210272,138.99
547,4,1,15999.0,16000.0,00:15:24,00:00:39,36.26,15.34,32.34,2010-04-09 15:16:21,2010-04-09 15:32:24,142,11.480466,48.210704,11.634752,48.248187,112.67
548,0,0,116602.0,116646.0,,,0.00,357.11,380.11,,,5000,11.465726,48.118285,11.563461,48.1343257,23.32
549,0,0,9276.0,9281.0,,,0.00,41.57,36.57,,,5000,11.5634517,48.1343316,11.6132267,48.1332044,1.86
54,0,0,14004.0,14007.0,00:31:47,00:08:08,13.00,97.60,120.60,2014-07-15 14:49:48,2014-07-15 15:29:43,2165,11.5265104,48.1233495,11.6400682,48.1744578,6.47
54,1,0,48961.0,48980.0,,,0.00,217.76,228.76,,,2835,11.7096247,48.0630589,11.5406128,48.0684377,17.27
550,0,0,55100.0,55136.0,,,0.00,210.53,185.53,,,5000,11.6133016,48.1332478,11.387161,48.113019,11.02
551,0,0,90521.0,90560.0,,,0.00,238.00,269.00,,,3686,11.387265,48.113027,11.6369683,48.1409383,24.56
551,1,0,13527.0,13528.0,01:44:02,00:05:20,2.74,79.98,79.98,2010-04-05 11:49:35,2010-04-05 13:38:57,1314,11.466255,48.203393,11.466252,48.203407,10.29
552,0,0,28694.0,28704.0,,,0.00,68.54,51.54,,,5000,11.63698,48.1409483,11.6385417,48.1125867,5.74
553,0,0,93637.0,93655.0,,,0.00,269.69,270.69,,,2637,11.638555,48.1126,11.361153,48.130027,35.51
553,1,0,14484.0,14488.0,00:50:47,,8.06,29.52,79.52,2010-04-03 12:54:15,2010-04-03 13:45:02,183,11.380854,48.062424,11.36777,48.178428,79.15
553,2,0,7903.0,7940.0,00:59:32,00:37:31,5.14,54.80,56.80,2009-10-19 11:13:52,2009-10-19 12:50:55,985,11.51129,48.15855,11.58553,48.15493,8.02
553,3,0,4890.0,4890.0,00:17:46,00:02:08,5.86,26.41,22.41,2010-04-02 11:23:10,2010-04-02 11:43:04,1195,11.5163054,48.0945845,11.4595674,48.095558,4.09
554,0,0,17820.0,17825.0,01:06:34,02:34:51,5.88,128.22,140.22,2010-04-02 11:43:05,2010-04-02 15:24:30,4113,11.459502,48.0955816,11.4260491,48.1054571,4.33
554,1,0,5905.0,5907.0,,,0.00,37.57,44.57,,,887,11.517319,48.112435,11.513028,48.118175,6.66
555,0,0,58425.0,58433.0,,,0.00,130.24,150.24,,,1300,11.513113,48.118207,11.563252,48.160466,44.94
555,1,0,12229.0,12237.0,01:00:35,00:02:21,5.23,105.40,149.40,2010-03-28 13:18:04,2010-03-28 14:21:00,3700,11.5413192,48.100604,11.5939425,48.1702662,3.31
556,0,0,13821.0,13824.0,01:07:46,01:05:25,4.79,126.87,83.87,2010-03-28 14:21:01,2010-03-28 16:34:12,4441,11.5939152,48.1702416,11.5322674,48.1001512,3.11
556,1,0,11224.0,11228.0,,,0.00,71.52,50.52,,,559,11.360822,48.129601,11.456837,48.096466,20.08
557,0,0,121709.0,121762.0,,,0.00,312.18,366.18,,,2302,11.45667,48.096523,11.6146663,48.1646947,52.87
557,1,0,313.0,313.0,00:03:05,,2.35,1.98,1.98,2010-03-28 16:17:39,2010-03-28 16:20:44,186,11.5717887,48.1654243,11.5724964,48.1656723,1.68
557,2,0,14067.0,14068.0,00:51:09,00:06:44,11.30,69.04,68.04,2010-03-28 13:36:32,2010-03-28 14:34:25,1737,11.6962882,48.157387,11.6983769,48.1587763,8.10
557,3,0,5758.0,5758.0,01:14:08,00:48:00,2.05,25.06,26.06,2010-03-19 19:35:28,2010-03-19 21:37:36,440,11.5333769,48.1602295,11.5335506,48.1627338,13.09
557,4,0,2195.0,2196.0,00:07:02,00:00:57,6.61,19.76,19.76,2010-03-26 13:41:38,2010-03-26 13:49:37,92,11.5136977,48.1056162,11.5137422,48.1056003,23.86
557,5,0,6008.0,6008.0,00:16:37,00:06:52,8.07,21.97,20.97,2010-03-25 14:31:35,2010-03-25 14:55:04,243,11.5993944,48.1818176,11.5508496,48.188,24.72
558,0,0,12138.0,12139.0,00:34:00,00:06:50,7.84,42.39,67.39,2010-03-25 14:55:08,2010-03-25 15:35:58,490,11.550748,48.1882432,11.4487736,48.2481888,24.77
558,1,0,0.0,0.0,,00:00:03,0.00,0.00,0.00,2009-12-05 10:57:44,2009-12-05 10:57:47,2,11.6825008,48.1074571,11.6825008,48.1074571,0.00
558,1,1,176.0,178.0,00:01:20,00:01:01,2.87,6.00,0.00,2009-12-05 10:57:47,2009-12-05 11:00:08,141,11.6825008,48.1074571,11.6832733,48.1062984,1.25
558,1,2,2.0,2.0,00:00:02,,0.00,0.00,0.00,2009-12-05 11:00:08,2009-12-05 11:00:10,3,11.6832733,48.1062984,11.6832733,48.1062769,0.80
558,1,3,4.0,4.0,00:00:02,,0.00,0.00,0.00,2009-12-05 11:10:55,2009-12-05 11:10:57,3,11.6833162,48.1062769,11.6832947,48.1062555,1.32
558,1,4,73.0,74.0,00:00:37,00:02:02,2.39,0.32,0.32,2009-12-05 11:10:57,2009-12-05 11:13:36,160,11.6832947,48.1062555,11.6832304,48.1061697,0.46
558,1,5,0.0,0.0,,00:00:02,0.00,0.00,0.00,2009-12-05 11:13:36,2009-12-05 11:13:38,4,11.6832304,48.1061697,11.6832304,48.1061697,0.00
558,1,6,3.0,4.0,00:00:03,,0.00,1.00,0.00,2009-12-05 11:15:21,2009-12-05 11:15:24,4,11.6833376,48.1064486,11.6833162,48.1064701,0.72
558,1,7,73.0,75.0,00:00:33,00:00:47,2.40,0.00,6.00,2009-12-05 11:15:24,2009-12-05 11:16:44,80,11.6833162,48.1064701,11.6831445,48.107028,0.92
558,1,8,0.0,0.0,,00:00:02,0.00,0.00,0.00,2009-12-05 11:16:44,2009-12-05 11:16:46,4,11.6831445,48.107028,11.6831445,48.107028,0.00
558,1,9,6.0,6.0,00:00:02,,0.00,0.00,0.00,2009-12-06 10:25:27,2009-12-06 10:25:29,3,11.5879154,48.1496644,11.5879797,48.1496858,1.85
558,1,10,1326.0,1327.0,00:08:12,00:19:11,3.98,3.01,3.01,2009-12-06 10:25:29,2009-12-06 10:52:52,1644,11.5879797,48.1496858,11.5919065,48.1522607,0.81
558,1,11,228.0,230.0,00:01:29,00:11:09,2.87,3.00,0.00,2009-12-06 10:54:54,2009-12-06 11:07:32,759,11.5919923,48.1522178,11.5924,48.1525826,0.30
558,1,12,141.0,144.0,00:00:48,00:03:24,3.97,0.00,5.00,2009-12-06 11:08:33,2009-12-06 11:12:45,253,11.5923357,48.1525182,11.5925931,48.1524109,0.56
558,1,13,129.0,131.0,00:00:43,00:05:41,4.78,0.05,4.05,2009-12-06 11:13:03,2009-12-06 11:19:27,385,11.5925502,48.1526255,11.5923357,48.1524968,0.34
558,1,14,102.0,103.0,00:00:27,00:07:23,3.20,3.00,0.00,2009-12-06 11:19:54,2009-12-06 11:27:44,471,11.5923357,48.1524968,11.5922498,48.1525826,0.22
558,1,15,0.0,0.0,,00:00:03,0.00,0.00,0.00,2009-12-05 10:57:44,2009-12-05 10:57:47,2,11.6825008,48.1074571,11.6825008,48.1074571,0.00
558,1,16,176.0,178.0,00:01:20,00:01:01,2.87,6.00,0.00,2009-12-05 10:57:47,2009-12-05 11:00:08,141,11.6825008,48.1074571,11.6832733,48.1062984,1.25
558,1,17,2.0,2.0,00:00:02,,0.00,0.00,0.00,2009-12-05 11:00:08,2009-12-05 11:00:10,3,11.6832733,48.1062984,11.6832733,48.1062769,0.80
558,1,18,4.0,4.0,00:00:02,,0.00,0.00,0.00,2009-12-05 11:10:55,2009-12-05 11:10:57,3,11.6833162,48.1062769,11.6832947,48.1062555,1.32
558,1,19,73.0,74.0,00:00:37,00:02:02,2.39,0.32,0.32,2009-12-05 11:10:57,2009-12-05 11:13:36,160,11.6832947,48.1062555,11.6832304,48.1061697,0.46
558,1,20,0.0,0.0,,00:00:02,0.00,0.00,0.00,2009-12-05 11:13:36,2009-12-05 11:13:38,4,11.6832304,48.1061697,11.6832304,48.1061697,0.00
558,1,21,3.0,4.0,00:00:03,,0.00,1.00,0.00,2009-12-05 11:15:21,2009-12-05 11:15:24,4,11.6833376,48.1064486,11.6833162,48.1064701,0.72
558,1,22,73.0,75.0,00:00:33,00:00:47,2.40,0.00,6.00,2009-12-05 11:15:24,2009-12-05 11:16:44,80,11.6833162,48.1064701,11.6831445,48.107028,0.92
558,1,23,0.0,0.0,,00:00:02,0.00,0.00,0.00,2009-12-05 11:16:44,2009-12-05 11:16:46,4,11.6831445,48.107028,11.6831445,48.107028,0.00
558,1,24,6.0,6.0,00:00:02,,0.00,0.00,0.00,2009-12-06 10:25:27,2009-12-06 10:25:29,3,11.5879154,48.1496644,11.5879797,48.1496858,1.85
558,1,25,145.0,145.0,00:01:12,00:01:57,2.39,1.16,0.16,2009-12-06 10:25:29,2009-12-06 10:28:38,190,11.5879797,48.1496858,11.5892028,48.1502008,0.76
559,0,0,1181.0,1182.0,00:07:00,00:17:13,4.77,1.47,2.47,2009-12-06 10:28:39,2009-12-06 10:52:52,1454,11.5892028,48.1502008,11.5919065,48.1522607,0.81
559,0,1,228.0,230.0,00:01:29,00:11:09,2.87,3.00,0.00,2009-12-06 10:54:54,2009-12-06 11:07:32,759,11.5919923,48.1522178,11.5924,48.1525826,0.30
559,0,2,141.0,144.0,00:00:48,00:03:24,3.97,0.00,5.00,2009-12-06 11:08:33,2009-12-06 11:12:45,253,11.5923357,48.1525182,11.5925931,48.1524109,0.56
559,0,3,129.0,131.0,00:00:43,00:05:41,4.78,0.05,4.05,2009-12-06 11:13:03,2009-12-06 11:19:27,385,11.5925502,48.1526255,11.5923357,48.1524968,0.34
559,0,4,238.0,239.0,00:01:06,00:09:50,2.87,3.00,0.00,2009-12-06 11:19:54,2009-12-06 11:30:50,657,11.5923357,48.1524968,11.5923571,48.1525182,0.36
559,0,5,114.0,116.0,00:00:35,00:03:21,3.19,1.57,1.57,2009-12-06 11:30:57,2009-12-06 11:34:53,237,11.5923571,48.1525182,11.5924429,48.1525397,0.48
559,0,6,452.0,453.0,00:03:14,00:06:07,2.87,1.17,2.17,2009-12-06 11:35:34,2009-12-06 11:44:55,562,11.5924644,48.1525182,11.5917134,48.1505441,0.80
559,1,0,104136.0,104143.0,,,0.00,155.23,210.23,,,693,11.360814,48.129616,11.642238,48.241753,150.27
55,0,0,638622.0,638638.0,,,0.00,325.67,403.67,,,5000,11.5406013,48.0684192,11.675447,48.243081,127.72
560,0,0,119272.0,119331.0,,,0.00,320.56,274.56,,,3536,11.642154,48.241769,11.6236385,48.126853,33.73
560,1,0,12725.0,12726.0,00:41:45,00:01:20,6.15,41.93,83.93,2010-03-19 15:56:07,2010-03-19 16:39:12,518,11.622875,48.143707,11.686273,48.227875,24.57
560,2,0,5590.0,5590.0,00:03:06,,35.23,21.78,4.78,2008-10-30 13:54:17,2008-10-30 13:57:23,74,11.61474,48.1087966,11.6367916,48.0618383,75.53
560,3,0,6151.0,6152.0,00:03:34,00:02:25,31.41,8.85,23.85,2007-01-27 19:02:26,2007-01-27 19:08:25,97,11.63708,48.0616766,11.6144733,48.09608,63.41
560,4,0,2576.0,2577.0,00:07:09,00:00:16,7.41,12.66,22.66,2008-12-27 13:24:31,2008-12-27 13:31:56,445,11.6279266,48.0869,11.6273483,48.1085066,5.79
560,5,0,3283.0,3283.0,00:09:05,00:10:58,8.49,0.88,7.88,2010-03-19 14:22:38,2010-03-19 14:42:41,40,11.3609888,48.226176,11.3709032,48.2477792,82.07
560,6,0,354.0,354.0,00:04:39,00:00:11,1.96,1.65,0.65,2010-03-19 16:33:30,2010-03-19 16:38:20,290,11.5689172,48.1806182,11.5709695,48.1808204,1.22
561,0,0,152.0,152.0,00:01:30,,2.09,0.15,1.15,2010-03-19 16:38:21,2010-03-19 16:39:51,91,11.5709915,48.1808166,11.5729417,48.1809387,1.67
561,1,0,56.0,56.0,00:00:08,00:00:28,0.00,0.00,1.00,2010-03-19 11:58:03,2010-03-19 11:58:39,56,11.6732343,48.0773816,11.6736955,48.0773969,0.99
561,2,0,182006.0,182078.0,,,0.00,436.00,462.00,,,4399,11.710173,48.063295,11.5951466,48.1115555,41.37
561,3,0,17310.0,17314.0,00:31:39,00:25:29,14.95,86.81,86.81,2007-11-28 17:00:05,2007-11-28 17:57:13,454,11.6086072,48.1091766,11.6085062,48.1092109,38.13
562,0,0,83964.0,84023.0,,,0.00,248.64,260.64,,,5000,11.5951466,48.1115555,11.488856,48.140856,16.79
563,0,0,152503.0,152532.0,,,0.00,277.74,295.74,,,2244,11.488996,48.140829,11.45998,48.18081,67.96
563,1,0,3423.0,3424.0,00:06:41,00:08:25,20.23,35.00,26.00,2010-03-11 09:51:21,2010-03-11 10:06:27,219,11.561717,48.142319,11.5345,48.137692,15.63
563,1,1,2768.0,2768.0,00:01:59,,27.62,18.18,10.18,2010-03-11 10:06:51,2010-03-11 10:08:50,118,11.534978,48.13314,11.503404,48.125923,23.46
563,1,2,5469.0,5469.0,00:03:10,,30.26,27.14,28.14,2010-03-11 10:08:52,2010-03-11 10:12:02,191,11.502655,48.125965,11.430899,48.128021,28.63
563,1,3,5586.0,5587.0,00:02:57,,35.69,32.66,22.66,2010-03-11 10:12:11,2010-03-11 10:15:08,178,11.427723,48.129082,11.360986,48.114117,31.38
563,2,0,19661.0,19664.0,00:19:17,00:06:40,34.21,121.85,94.85,2010-03-11 09:49:11,2010-03-11 10:15:08,1344,11.5606937,48.1456108,11.3609867,48.1141167,14.63
563,3,0,3423.0,3424.0,00:06:41,00:08:25,20.23,35.00,26.00,2010-03-11 09:51:21,2010-03-11 10:06:27,219,11.561717,48.142319,11.5345,48.137692,15.63
563,3,1,2768.0,2768.0,00:01:59,,27.62,18.18,10.18,2010-03-11 10:06:51,2010-03-11 10:08:50,118,11.534978,48.13314,11.503404,48.125923,23.46
563,3,2,5469.0,5469.0,00:03:10,,30.26,27.14,28.14,2010-03-11 10:08:52,2010-03-11 10:12:02,191,11.502655,48.125965,11.430899,48.128021,28.63
563,3,3,5586.0,5587.0,00:02:57,,35.69,32.66,22.66,2010-03-11 10:12:11,2010-03-11 10:15:08,178,11.427723,48.129082,11.360986,48.114117,31.38
564,0,0,108388.0,108453.0,,,0.00,404.59,391.59,,,4198,11.459996,48.180876,11.548418,48.142016,25.82
564,1,0,5750.0,5751.0,00:03:09,,41.09,9.05,28.05,2008-05-22 09:35:41,2008-05-22 09:38:50,86,11.63689,48.0618033,11.6152283,48.1101366,66.86
564,2,0,6193.0,6193.0,00:03:22,00:00:16,41.15,25.48,6.48,2010-02-12 09:45:45,2010-02-12 09:49:23,126,11.6165283,48.11345,11.6369216,48.0617,49.15
564,3,0,4634.0,4636.0,00:44:18,00:00:19,2.51,50.50,30.50,2010-02-08 18:16:50,2010-02-08 19:01:27,504,11.55889,48.139508,11.533828,48.113897,9.19
564,3,1,694.0,695.0,00:08:03,00:00:01,2.14,5.02,2.02,2010-02-08 19:24:02,2010-02-08 19:32:06,86,11.531732,48.113016,11.532612,48.117045,8.07
565,0,0,3095.0,3095.0,00:43:47,01:34:37,2.55,6.15,6.15,2010-02-08 19:32:12,2010-02-08 21:50:36,357,11.53253,48.117068,11.533838,48.113804,8.67
565,0,1,6863.0,6866.0,01:10:04,00:01:52,2.32,55.03,67.03,2010-02-09 09:29:23,2010-02-09 10:41:19,751,11.534416,48.114508,11.591233,48.131286,9.14
565,1,0,18332.0,18334.0,00:15:42,00:01:46,30.28,85.61,111.61,2010-03-07 19:08:29,2010-03-07 19:25:57,953,11.3608818,48.113987,11.5608635,48.1424026,19.24
565,2,0,5552.0,5553.0,00:03:13,,31.05,23.46,32.46,2010-03-07 19:08:32,2010-03-07 19:11:45,194,11.361495,48.11417,11.427798,48.12904,28.62
565,2,1,8465.0,8466.0,00:06:08,,28.71,34.67,42.67,2010-03-07 19:11:54,2010-03-07 19:18:02,364,11.430843,48.127968,11.533762,48.133453,23.26
565,2,2,3453.0,3454.0,00:05:05,00:02:01,19.30,26.16,35.16,2010-03-07 19:18:30,2010-03-07 19:25:36,226,11.537784,48.137428,11.560843,48.142387,15.28
565,3,0,13895.0,13898.0,,,0.00,76.50,58.50,,,697,11.585534,48.176803,11.4577369,48.1539993,19.94
565,4,0,12451.0,12452.0,00:40:52,00:04:24,6.48,39.14,71.14,2010-03-07 14:18:16,2010-03-07 15:03:32,494,11.3609416,48.1752736,11.3959352,48.2480512,25.20
565,5,0,6524.0,6524.0,00:16:42,00:00:46,13.08,21.85,21.85,2010-03-07 14:13:18,2010-03-07 14:30:46,212,11.641507,48.061652,11.670062,48.075215,30.77
565,5,1,3799.0,3799.0,00:14:27,00:01:42,0.00,3.73,3.73,2010-03-07 12:17:47,2010-03-07 12:33:56,20,11.670031,48.075211,11.641158,48.061603,189.95
565,6,0,6524.0,6524.0,00:16:42,00:00:46,13.08,21.85,21.85,2010-03-07 14:13:18,2010-03-07 14:30:46,212,11.641507,48.061652,11.670062,48.075215,30.77
565,6,1,3799.0,3799.0,00:14:27,00:01:42,0.00,3.73,3.73,2010-03-07 12:17:47,2010-03-07 12:33:56,20,11.670031,48.075211,11.641158,48.061603,189.95
565,7,0,5651.0,5652.0,00:03:10,,31.98,24.87,34.87,2010-02-28 11:00:24,2010-02-28 11:03:34,175,11.360842,48.113991,11.428453,48.128807,32.29
565,7,1,8009.0,8010.0,00:05:35,,28.24,29.62,43.62,2010-02-28 11:03:42,2010-02-28 11:09:17,325,11.431142,48.127918,11.529496,48.130718,24.64
566,0,0,432.0,433.0,00:00:24,,18.34,6.50,0.50,2010-02-28 11:09:18,2010-02-28 11:09:42,21,11.529688,48.130825,11.53377,48.133583,20.59
566,0,1,2967.0,2967.0,00:05:45,,23.47,20.21,30.21,2010-02-28 11:10:08,2010-02-28 11:15:53,155,11.53701,48.137272,11.558548,48.147568,19.14
566,0,2,229.0,229.0,00:03:02,00:03:43,0.00,2.36,0.36,2010-03-03 22:56:48,2010-03-03 23:03:33,17,11.558421,48.143463,11.560086,48.143353,13.48
566,0,3,0.0,0.0,,,0.00,0.00,0.00,2010-03-03 23:03:56,2010-03-03 23:03:56,1,11.56022,48.14352,11.56022,48.14352,0.00
566,0,4,3137.0,3137.0,00:07:24,00:01:16,19.02,29.76,19.76,2010-03-04 09:57:51,2010-03-04 10:06:31,213,11.559948,48.14349,11.534485,48.13763,14.73
566,0,5,8251.0,8252.0,00:05:16,,29.89,40.66,31.66,2010-03-04 10:06:59,2010-03-04 10:12:15,281,11.534641,48.132877,11.430861,48.128037,29.36
566,0,6,5534.0,5534.0,00:02:46,,36.36,27.93,22.93,2010-03-04 10:12:25,2010-03-04 10:15:11,153,11.427149,48.129105,11.361082,48.114143,36.17
566,1,0,1138.0,1138.0,00:10:59,00:01:02,2.16,19.02,7.02,2010-03-03 19:30:46,2010-03-03 19:42:47,700,11.56036,48.1400642,11.5559435,48.1425667,1.63
566,1,1,841.0,841.0,00:07:58,00:01:07,3.10,2.43,15.43,2010-03-03 22:54:52,2010-03-03 23:03:57,526,11.5559435,48.1425667,11.5603733,48.1436691,1.60
566,1,2,17986.0,17988.0,00:15:17,00:02:01,35.89,110.00,80.00,2010-03-04 09:57:51,2010-03-04 10:15:09,937,11.559948,48.1434898,11.3610821,48.1141434,19.20
566,2,0,66740.0,66746.0,,,0.00,96.21,106.21,,,122,11.708681,48.062661,11.631406,48.067298,547.05
566,3,0,27281.0,27291.0,00:51:16,336:09:02,26.78,114.30,106.30,2009-06-04 23:49:23,2009-06-19 00:49:41,942,11.6157045,48.1344947,11.6088075,48.1091613,28.96
566,4,0,18099.0,18101.0,00:15:33,00:01:19,31.51,78.60,108.60,2010-02-28 11:00:21,2010-02-28 11:17:13,932,11.3608418,48.1139908,11.5613832,48.1469383,19.42
567,0,0,484.0,484.0,00:02:40,00:00:13,8.47,3.77,1.77,2010-02-28 11:17:14,2010-02-28 11:20:07,170,11.5613813,48.1469383,11.5601549,48.1433334,2.85
567,1,0,49358.0,49387.0,,,0.00,120.58,105.58,,,857,11.5600462,48.1433716,11.6252533,48.1027983,57.59
567,2,0,8626.0,8628.0,01:06:24,00:08:04,2.90,34.44,22.44,2010-02-25 14:36:39,2010-02-25 15:51:07,626,11.5947664,48.1818208,11.5634216,48.1440064,13.78
567,3,0,16507.0,16508.0,00:47:03,00:00:55,8.26,62.04,62.04,2010-02-25 15:41:00,2010-02-25 16:28:58,564,11.624998,48.153581,11.620463,48.152405,29.27
567,4,0,5556.0,5556.0,00:03:02,,33.46,23.52,33.52,2010-02-21 21:55:15,2010-02-21 21:58:17,183,11.361067,48.114052,11.427533,48.129124,30.36
567,4,1,0.0,0.0,,,0.00,0.00,0.00,2010-02-21 21:58:20,2010-02-21 21:58:20,1,11.428489,48.128792,11.428489,48.128792,0.00
567,4,2,8246.0,8247.0,00:06:08,,27.52,31.96,45.96,2010-02-21 21:58:29,2010-02-21 22:04:37,320,11.431394,48.127789,11.532222,48.132309,25.77
567,4,3,96.0,96.0,00:00:05,,0.00,0.00,1.00,2010-02-21 22:04:39,2010-02-21 22:04:44,4,11.532575,48.132522,11.533422,48.133175,24.03
567,4,4,3189.0,3190.0,00:05:08,,24.54,19.22,25.22,2010-02-21 22:05:15,2010-02-21 22:10:23,121,11.53775,48.13763,11.560063,48.14315,26.36
567,5,0,457.0,457.0,00:01:58,00:00:05,5.84,1.43,0.43,2010-01-24 15:46:11,2010-01-24 15:48:14,38,11.5608076,48.1433898,11.5603918,48.1432044,12.02
567,5,1,11515.0,11517.0,00:21:22,00:08:59,16.39,105.87,52.87,2010-02-23 07:08:25,2010-02-23 07:38:46,1487,11.5600948,48.1433868,11.557435,48.0640335,7.74
567,6,0,5556.0,5556.0,00:03:02,,33.46,23.52,33.52,2010-02-21 21:55:15,2010-02-21 21:58:17,183,11.361067,48.114052,11.427533,48.129124,30.36
567,6,1,0.0,0.0,,,0.00,0.00,0.00,2010-02-21 21:58:20,2010-02-21 21:58:20,1,11.428489,48.128792,11.428489,48.128792,0.00
567,6,2,8246.0,8247.0,00:06:08,,27.52,31.96,45.96,2010-02-21 21:58:29,2010-02-21 22:04:37,320,11.431394,48.127789,11.532222,48.132309,25.77
567,6,3,96.0,96.0,00:00:05,,0.00,0.00,1.00,2010-02-21 22:04:39,2010-02-21 22:04:44,4,11.532575,48.132522,11.533422,48.133175,24.03
567,6,4,3189.0,3190.0,00:05:08,,24.54,19.22,25.22,2010-02-21 22:05:15,2010-02-21 22:10:23,121,11.53775,48.13763,11.560063,48.14315,26.36
568,0,0,95057.0,95099.0,,,0.00,197.21,194.21,,,3128,11.6252033,48.10279,11.62809,48.1017916,30.39
568,1,0,18809.0,18810.0,00:15:57,00:00:22,34.22,30.24,40.24,2008-09-19 14:41:37,2008-09-19 14:57:56,102,11.717035,48.114334,11.557378,48.140295,184.41
568,1,1,0.0,0.0,,,0.00,0.00,0.00,2008-09-19 14:58:12,2008-09-19 14:58:12,1,11.558748,48.140166,11.558748,48.140166,0.00
568,1,2,0.0,0.0,,,0.00,0.00,0.00,2008-09-19 14:58:22,2008-09-19 14:58:22,1,11.558748,48.140166,11.558748,48.140166,0.00
568,1,3,383.0,387.0,00:00:34,00:02:03,0.00,0.00,13.00,2008-09-19 15:20:39,2008-09-19 15:23:16,13,11.558748,48.140166,11.55366,48.140712,29.49
568,1,4,0.0,0.0,,,0.00,0.00,0.00,2008-09-19 15:23:47,2008-09-19 15:23:47,1,11.549553,48.140651,11.549553,48.140651,0.00
568,1,5,10981.0,10981.0,00:05:07,,55.60,9.56,30.56,2008-09-19 15:24:37,2008-09-19 15:29:44,35,11.54049,48.141974,11.461278,48.206515,313.75
568,1,6,0.0,0.0,,00:00:48,0.00,0.00,0.00,2008-09-19 15:30:00,2008-09-19 15:30:48,4,11.458103,48.214126,11.458103,48.214126,0.00
568,1,7,0.0,0.0,,,0.00,0.00,0.00,2008-09-19 15:31:07,2008-09-19 15:31:07,1,11.44735,48.243792,11.44735,48.243792,0.00
568,2,0,2859.0,2860.0,00:05:02,00:01:24,19.10,16.52,23.52,2010-02-20 16:12:00,2010-02-20 16:18:26,225,11.559187,48.160868,11.57497,48.177888,12.71
568,2,1,9527.0,9528.0,00:05:37,,36.54,24.91,44.91,2010-02-20 16:19:31,2010-02-20 16:25:08,322,11.590108,48.176309,11.642898,48.248156,29.59
568,3,0,18950.0,18953.0,00:24:56,00:05:16,27.76,120.97,79.97,2010-02-21 17:31:08,2010-02-21 18:01:20,1167,11.642392,48.247547,11.615035,48.141553,16.24
569,0,0,233566.0,233663.0,,,0.00,541.44,543.44,,,4963,11.6280916,48.1017916,11.607967,48.107097,47.06
569,1,0,1194.0,1194.0,00:02:56,,7.25,2.26,3.26,2010-02-20 14:09:38,2010-02-20 14:12:34,37,11.3610216,48.2420416,11.369132,48.2480576,32.27
56,0,0,273092.0,273143.0,,,0.00,461.60,414.60,,,3156,11.679091,48.245942,11.6853792,48.1365963,86.53
56,1,0,3819.0,3825.0,00:17:22,02:12:14,6.69,63.14,63.14,2013-05-01 12:48:59,2013-05-01 15:18:35,753,11.53304,48.071025,11.533256,48.070945,5.07
56,2,0,5785.0,5796.0,00:24:15,00:41:55,6.92,121.87,121.87,2013-05-09 14:24:00,2013-05-09 15:30:10,1091,11.533051,48.071086,11.53332,48.071023,5.30
570,0,0,99365.0,99413.0,,,0.00,304.18,342.18,,,5000,11.607951,48.107156,11.414648,48.199498,19.87
571,0,0,133932.0,133964.0,,,0.00,389.33,365.33,,,4920,11.414639,48.1996,11.576062,48.140907,27.22
571,1,0,24850.0,24851.0,00:25:33,,29.52,9.70,101.70,2010-01-09 11:26:33,2010-01-09 11:52:06,80,11.707256,48.061969,11.642088,48.246347,310.62
572,0,0,123780.0,123846.0,,,0.00,358.07,296.07,,,2699,11.575964,48.140879,11.4886154,48.0715634,45.86
572,1,0,201.0,201.0,00:02:24,00:00:56,1.68,1.15,1.15,2010-01-31 15:13:57,2010-01-31 15:17:17,101,11.7228746,48.1820936,11.7228515,48.182011,1.99
572,2,0,29280.0,29280.0,00:16:18,,36.40,30.25,20.25,2009-07-25 07:55:28,2009-07-25 08:11:46,71,11.363058,48.224663,11.719616,48.184488,412.39
572,3,0,4807.0,4808.0,00:07:55,00:01:02,13.45,5.41,20.41,2010-01-27 06:45:57,2010-01-27 06:54:54,59,11.4661058,48.0929659,11.4516455,48.1203748,81.47
572,4,0,5634.0,5634.0,00:03:08,,33.07,23.54,33.54,2010-01-25 15:58:51,2010-01-25 16:01:59,186,11.360828,48.114015,11.428063,48.128998,30.29
572,4,1,8464.0,8464.0,00:06:03,,30.21,35.20,43.20,2010-01-25 16:02:08,2010-01-25 16:08:11,358,11.431184,48.127865,11.533759,48.133388,23.64
572,4,2,1646.0,1646.0,00:01:24,,23.56,6.58,13.58,2010-01-25 16:08:41,2010-01-25 16:10:05,84,11.534458,48.137755,11.537227,48.15228,19.59
572,4,3,4408.0,4408.0,00:08:42,00:01:18,17.13,21.56,29.56,2010-01-25 16:10:24,2010-01-25 16:20:24,406,11.537111,48.155231,11.567388,48.15512,10.86
572,5,0,19364.0,19366.0,00:21:02,00:05:26,35.89,61.29,85.29,2010-01-16 08:40:55,2010-01-16 09:07:23,1036,11.559886,48.151936,11.361074,48.226131,18.69
573,0,0,174748.0,174806.0,,,0.00,374.53,429.53,,,2371,11.4886237,48.0717366,11.541278,48.159799,73.70
573,1,0,5158.0,5160.0,00:02:41,,43.57,19.73,3.73,2010-01-22 17:38:55,2010-01-22 17:41:36,64,11.613633,48.104211,11.636927,48.061637,80.60
573,2,0,24850.0,24851.0,00:25:33,,29.52,9.70,101.70,2010-01-09 11:26:33,2010-01-09 11:52:06,80,11.707256,48.061969,11.642088,48.246347,310.62
573,3,0,24850.0,24851.0,00:25:33,,29.52,9.70,101.70,2010-01-09 11:26:33,2010-01-09 11:52:06,80,11.707256,48.061969,11.642088,48.246347,310.62
573,4,0,20058.0,20062.0,00:20:05,00:00:53,27.07,136.45,81.45,2009-08-22 07:02:04,2009-08-22 07:23:02,1144,11.6092599,48.1422683,11.4733783,48.0617566,17.53
573,5,0,5597.0,5598.0,00:48:40,00:37:24,2.31,29.24,29.24,2010-01-18 14:14:05,2010-01-18 15:40:09,605,11.373916,48.238337,11.373931,48.238361,9.25
573,6,0,64418.0,64421.0,01:09:52,27:28:46,32.95,155.55,156.55,2010-01-06 09:27:23,2010-01-07 14:06:01,656,11.595889,48.063499,11.612159,48.062135,98.20
574,0,0,243534.0,243579.0,,,0.00,677.57,654.57,,,2710,11.541346,48.159825,11.6704446,48.0931892,89.86
574,1,0,9635.0,9636.0,00:12:54,00:04:46,26.21,34.66,10.66,2009-08-13 05:47:02,2009-08-13 06:04:42,159,11.6034633,48.1253866,11.6363649,48.0622399,60.60
574,1,1,23034.0,23035.0,00:26:51,02:12:39,21.55,39.76,88.76,2009-08-31 17:37:26,2009-08-31 20:16:56,390,11.6034166,48.1253533,11.4459249,48.2481833,59.06
574,2,0,20520.0,20522.0,02:03:06,,3.12,120.72,71.72,2010-01-10 14:23:27,2010-01-10 16:26:33,987,11.6426716,48.2481283,11.6568716,48.110555,20.79
574,3,0,18459.0,18461.0,01:50:49,,3.12,63.03,110.03,2010-01-09 23:50:55,2010-01-10 01:41:44,754,11.6402133,48.1169183,11.6428166,48.2479233,24.48
575,0,0,167689.0,167756.0,,,0.00,467.79,472.79,,,4401,11.6706544,48.0931205,11.53968,48.074732,38.10
575,1,0,9740.0,9742.0,00:37:45,00:16:15,5.79,46.70,34.70,2010-01-06 10:52:07,2010-01-06 11:46:07,369,11.361984,48.204048,11.369235,48.178154,26.40
575,2,0,158.0,158.0,00:01:50,00:00:03,2.12,0.00,0.00,2010-01-05 10:56:53,2010-01-05 10:58:46,112,11.5677642,48.1718826,11.5682239,48.1721649,1.41
575,3,0,25307.0,25308.0,00:11:33,,40.85,107.41,15.41,2010-01-02 22:17:23,2010-01-02 22:28:56,118,11.6426266,48.2480883,11.7064,48.0617666,214.46
576,0,0,125019.0,125094.0,,,0.00,536.01,549.01,,,4231,11.539654,48.074729,11.519649,48.146518,29.55
576,1,0,3488.0,3491.0,00:46:13,00:00:50,1.63,39.95,45.95,2009-12-29 14:35:52,2009-12-29 15:22:55,423,11.42301,48.061627,11.414738,48.061657,8.25
576,2,0,3355.0,3357.0,00:44:23,,1.44,26.07,38.07,2009-12-18 14:28:37,2009-12-18 15:13:00,346,11.422428,48.061616,11.408219,48.06169,9.70
577,0,0,226391.0,226445.0,,,0.00,660.38,692.38,,,5000,11.51937,48.146532,11.6275266,48.2179166,45.28
578,0,0,262766.0,262832.0,,,0.00,441.16,370.16,,,3200,11.6274266,48.2177216,11.7212802,48.0617942,82.11
578,1,0,6094.0,6095.0,00:05:05,,34.20,0.00,22.00,2008-09-13 07:24:26,2008-09-13 07:29:31,25,11.636979,48.0618,11.61639,48.113198,243.77
578,2,0,6117.0,6117.0,00:03:14,,44.05,19.57,1.57,2006-11-23 04:51:57,2006-11-23 04:55:11,33,11.616583,48.113717,11.636108,48.062463,185.37
578,3,0,6414.0,6415.0,00:22:25,00:05:36,6.73,32.20,33.20,2009-12-12 12:17:54,2009-12-12 12:45:55,256,11.436684,48.2481664,11.4401504,48.2481792,25.06
578,4,0,1264.0,1264.0,00:01:33,,19.86,6.16,4.16,2009-12-04 06:33:07,2009-12-04 06:34:40,94,11.7098883,48.1810449,11.7040808,48.190518,13.45
578,4,1,1996.0,1996.0,00:01:50,,26.09,5.70,4.70,2009-12-04 14:13:52,2009-12-04 14:15:42,111,11.7043144,48.1904953,11.7228129,48.1825984,17.98
578,5,0,2046.0,2046.0,00:02:36,,17.02,5.06,11.06,2009-12-03 06:36:46,2009-12-03 06:39:22,157,11.7101831,48.1805136,11.7022504,48.1967206,13.03
578,5,1,1994.0,1994.0,00:03:04,00:00:03,18.65,10.87,4.87,2009-12-03 16:03:36,2009-12-03 16:06:43,188,11.7020037,48.1967118,11.7100761,48.1805049,10.61
578,6,0,12472.0,12472.0,00:08:15,03:43:25,34.27,22.39,22.39,2009-06-17 06:02:06,2009-06-17 09:53:46,71,11.616807,48.113938,11.617083,48.114084,175.66
578,7,0,1842.0,1842.0,00:05:42,00:00:21,7.08,5.41,12.41,2009-11-28 12:04:40,2009-11-28 12:10:43,96,11.363903,48.184254,11.360822,48.196015,19.19
578,8,0,18797.0,18798.0,01:06:40,00:36:38,7.75,59.81,89.81,2009-11-28 12:38:12,2009-11-28 14:21:30,769,11.3608648,48.1727616,11.3920288,48.2456288,24.44
579,0,0,584.0,584.0,00:01:55,,7.34,2.36,3.36,2009-11-28 14:21:35,2009-11-28 14:23:30,24,11.392252,48.245664,11.3959576,48.2480192,24.31
579,1,0,6209.0,6211.0,01:03:09,00:11:29,2.40,41.13,29.13,2009-11-25 14:31:41,2009-11-25 15:46:19,500,11.5967032,48.1828928,11.5869216,48.1615072,12.42
579,2,0,66280.0,66287.0,,,0.00,151.14,131.14,,,1354,11.642711,48.248138,11.3713009,48.2052989,48.95
579,3,0,14111.0,14113.0,00:28:59,00:01:05,11.16,42.56,43.56,2009-11-22 14:04:02,2009-11-22 14:34:06,219,11.722006,48.172086,11.563855,48.166711,64.43
579,4,0,36989.0,36992.0,02:59:54,00:06:41,7.03,93.43,131.43,2009-11-21 09:22:38,2009-11-21 12:29:13,702,11.6759304,48.1347368,11.4678719,48.2414641,52.69
579,4,1,31503.0,31506.0,01:48:21,00:03:35,6.28,153.03,104.03,2009-11-21 12:49:59,2009-11-21 14:41:55,792,11.4677827,48.2415074,11.6531426,48.112181,39.78
579,5,0,15731.0,15732.0,00:37:31,00:02:19,8.55,65.65,31.65,2009-11-01 17:00:33,2009-11-01 17:40:23,248,11.690022,48.24744,11.563983,48.166624,63.43
579,6,0,15872.0,15873.0,00:34:36,00:01:06,10.22,30.75,66.75,2009-10-31 09:02:56,2009-10-31 09:38:38,261,11.565029,48.167474,11.690614,48.247997,60.81
579,7,0,5900.0,5901.0,00:05:03,00:00:02,30.22,19.05,43.05,2009-11-09 18:06:02,2009-11-09 18:11:07,306,11.5955033,48.0618499,11.5765849,48.1116282,19.28
579,7,1,17.0,17.0,00:00:07,,0.00,4.00,0.00,2009-11-09 18:11:22,2009-11-09 18:11:29,8,11.5765699,48.1116582,11.5763865,48.111745,2.10
579,7,2,42.0,42.0,00:00:13,,0.00,0.00,0.00,2009-11-09 18:11:32,2009-11-09 18:11:45,14,11.5763633,48.1117498,11.5763332,48.1120733,3.02
579,7,3,887.0,888.0,00:01:40,,13.55,1.84,20.84,2009-11-09 18:11:54,2009-11-09 18:13:34,101,11.5764516,48.1120749,11.5757865,48.1193898,8.78
579,7,4,288.0,288.0,00:00:48,,8.53,0.85,0.85,2009-11-09 18:13:39,2009-11-09 18:14:27,49,11.5757516,48.1194165,11.5724099,48.1206516,5.87
579,7,5,396.0,396.0,00:00:42,,14.59,4.34,2.34,2009-11-09 18:14:47,2009-11-09 18:15:29,43,11.5723716,48.1206966,11.5680499,48.1225882,9.20
579,7,6,315.0,315.0,00:00:41,,11.06,1.45,0.45,2009-11-09 18:15:48,2009-11-09 18:16:29,42,11.5680682,48.1225649,11.5647848,48.1241183,7.51
579,7,7,829.0,829.0,00:01:33,,14.12,7.53,3.53,2009-11-09 18:16:49,2009-11-09 18:18:22,93,11.5646415,48.1240499,11.5561666,48.1281366,8.91
579,7,8,1045.0,1045.0,00:01:53,,13.25,5.44,10.44,2009-11-09 18:18:57,2009-11-09 18:20:50,114,11.5562932,48.1281383,11.5556433,48.1371116,9.17
579,7,9,107.0,107.0,00:00:24,,7.17,2.00,0.00,2009-11-09 18:20:56,2009-11-09 18:21:20,25,11.5557599,48.1371165,11.5559582,48.1379915,4.27
579,7,10,207.0,207.0,00:00:48,,6.90,0.64,0.64,2009-11-09 18:22:01,2009-11-09 18:22:49,49,11.5559799,48.138165,11.5560948,48.1366099,4.23
579,7,11,74.0,74.0,00:00:14,,0.00,0.00,0.00,2009-11-09 18:22:58,2009-11-09 18:23:12,15,11.5562332,48.1366049,11.5560699,48.1359899,4.93
579,7,12,3.0,3.0,00:00:03,,0.00,0.00,0.00,2009-11-09 18:23:46,2009-11-09 18:23:49,4,11.5562566,48.1358833,11.5562533,48.1358649,0.81
579,8,0,1305.0,1305.0,00:00:36,,37.11,1.00,8.00,2009-11-17 16:15:39,2009-11-17 16:16:15,37,11.3680288,48.0618432,11.3773984,48.0717504,35.26
57,0,0,1359264.0,1359950.0,,,0.00,1490.77,1481.77,,,5000,11.6853792,48.1365963,11.5027763,48.1312471,271.85
580,0,0,18988.0,18989.0,00:20:47,00:03:30,36.49,50.86,112.86,2009-11-17 16:16:16,2009-11-17 16:40:33,584,11.3776168,48.0720352,11.5569584,48.1414688,32.51
580,1,0,21985.0,21997.0,,,0.00,31.43,62.43,,,587,11.577516,48.142401,11.3973633,48.2198726,37.45
580,2,0,16517.0,16521.0,01:33:53,01:29:22,5.05,75.86,75.86,2008-01-11 10:23:59,2008-01-11 13:27:14,3829,11.608634,48.109188,11.608509,48.1090469,4.31
581,0,0,751947.0,752012.0,,,0.00,814.48,740.48,,,2440,11.3974122,48.2198397,11.483233,48.084045,308.17
581,1,0,1319.0,1319.0,00:04:26,00:00:46,6.51,8.74,3.74,2008-12-31 21:59:37,2008-12-31 22:04:49,93,11.6278888,48.1065277,11.6281388,48.0956388,14.18
581,2,0,6675.0,6676.0,01:15:52,00:14:20,2.11,43.33,49.33,2009-11-12 15:02:34,2009-11-12 16:32:46,600,11.6504384,48.0909504,11.6462696,48.1070368,11.12
581,3,0,11871.0,11873.0,00:31:26,00:23:39,15.62,46.39,47.39,2008-01-03 07:58:12,2008-01-03 08:53:17,1797,11.6147232,48.1118431,11.6141967,48.1112518,6.61
581,4,0,692.0,692.0,00:01:00,00:00:09,15.01,1.52,1.52,2006-06-04 16:34:16,2006-06-04 16:35:25,70,11.6455354,48.1259193,11.6544094,48.1251678,9.89
582,0,0,13114.0,13115.0,00:14:06,01:33:40,23.82,50.40,50.40,2006-06-04 16:35:26,2006-06-04 18:23:12,892,11.6544389,48.125225,11.6453838,48.1260681,14.70
582,1,0,90514.0,90566.0,,,0.00,171.88,214.88,,,869,11.6781564,48.1400051,11.66349,48.246874,104.16
582,2,0,12105.0,12109.0,00:51:27,00:22:11,5.93,77.89,78.89,2009-11-07 12:46:30,2009-11-07 14:00:08,597,11.370843,48.181287,11.365881,48.178682,20.28
582,2,1,22200.0,22206.0,00:56:50,00:01:40,8.24,139.16,101.16,2009-10-07 06:06:01,2009-10-07 07:04:31,828,11.360796,48.179435,11.53259,48.095585,26.81
582,2,2,21580.0,21585.0,00:50:20,00:00:29,8.75,93.46,132.46,2009-10-07 16:03:07,2009-10-07 16:53:56,726,11.533286,48.095673,11.36595,48.17951,29.72
582,2,3,21486.0,21495.0,00:58:11,00:01:15,8.02,140.65,105.65,2009-10-15 05:57:01,2009-10-15 06:56:27,878,11.367268,48.172044,11.534558,48.096179,24.47
582,2,4,3632.0,3632.0,00:22:27,01:21:20,6.21,13.14,15.14,2009-10-30 12:20:40,2009-10-30 14:04:27,210,11.366529,48.184654,11.366565,48.186945,17.29
583,0,0,210621.0,210740.0,,,0.00,545.41,482.41,,,4971,11.663474,48.246877,11.4912562,48.1169481,42.37
583,1,0,282.0,282.0,00:02:59,00:00:10,2.17,0.29,3.29,2009-09-24 14:46:11,2009-09-24 14:49:20,29,11.3725561,48.069466,11.3730135,48.0711863,9.72
584,0,0,54151.0,54171.0,,,0.00,271.22,261.22,,,2743,11.4911009,48.1169497,11.7130565,48.0738329,19.74
584,1,0,2765.0,2765.0,00:05:22,00:00:29,16.62,24.32,19.32,2009-10-23 11:06:33,2009-10-23 11:12:24,351,11.54099,48.1863399,11.5675649,48.1765999,7.88
584,1,1,1623.0,1624.0,00:02:11,,19.18,13.04,7.04,2009-10-23 11:14:35,2009-10-23 11:16:46,132,11.5898432,48.1762116,11.5964732,48.1657615,12.30
584,1,2,1883.0,1883.0,00:02:02,,16.79,23.75,9.75,2009-10-23 11:17:00,2009-10-23 11:19:02,123,11.5961432,48.1637432,11.6143232,48.1524366,15.31
584,1,3,103.0,103.0,00:00:03,,0.00,0.00,4.00,2009-10-23 11:19:05,2009-10-23 11:19:08,3,11.6146416,48.1515649,11.6153515,48.1519149,34.35
584,1,4,0.0,0.0,,,0.00,0.00,0.00,2009-10-23 11:19:11,2009-10-23 11:19:11,1,11.6156382,48.1515799,11.6156382,48.1515799,0.00
584,1,5,241.0,242.0,00:00:15,,0.00,2.31,1.31,2009-10-23 11:19:14,2009-10-23 11:19:29,12,11.61587,48.1512116,11.6163466,48.1490715,20.12
584,1,6,216.0,216.0,00:00:13,,0.00,0.00,5.00,2009-10-23 11:21:09,2009-10-23 11:21:22,14,11.6148999,48.1358932,11.6158882,48.1341033,15.44
584,1,7,297.0,297.0,00:00:17,,0.00,7.00,0.00,2009-10-23 11:21:28,2009-10-23 11:21:45,18,11.6161932,48.1334983,11.6156833,48.1308965,16.50
584,1,8,6856.0,6857.0,00:07:35,00:01:25,29.14,46.64,30.64,2009-10-23 11:21:56,2009-10-23 11:30:56,541,11.6154632,48.1290233,11.6269682,48.0716249,12.67
584,1,9,1036.0,1036.0,00:00:40,,28.91,8.29,2.29,2009-10-23 11:31:06,2009-10-23 11:31:46,41,11.6291033,48.0695883,11.6367132,48.0617899,25.27
584,2,0,24433.0,24435.0,00:14:45,,57.13,44.33,113.33,2009-10-01 21:02:50,2009-10-01 21:17:35,588,11.361058,48.114002,11.53312,48.247692,41.55
584,3,0,6097.0,6097.0,01:33:26,00:01:20,2.28,21.20,22.20,2009-10-26 13:36:35,2009-10-26 15:11:21,433,11.3608619,48.2368206,11.3835211,48.2449796,14.08
585,0,0,3006.0,3007.0,00:26:55,,2.26,20.24,19.24,2009-10-26 15:11:26,2009-10-26 15:38:21,324,11.3834334,48.2449438,11.3608796,48.2368583,9.28
585,1,0,30469.0,30496.0,00:12:54,00:01:51,84.97,59.95,128.95,2009-10-01 21:02:50,2009-10-01 21:17:35,764,11.3610567,48.1139967,11.5331187,48.2476867,39.88
585,2,0,19107.0,19120.0,,,0.00,134.98,132.98,,,1729,11.5507978,48.1005506,11.623815,48.126815,11.05
585,3,0,3291.0,3300.0,00:48:11,00:24:33,1.74,45.76,42.76,2009-10-11 14:39:47,2009-10-11 15:52:31,2183,11.6928644,48.1077613,11.6971006,48.1046066,1.51
586,0,0,519.0,519.0,00:07:30,00:03:58,1.50,0.48,3.48,2009-10-11 15:52:33,2009-10-11 16:04:01,345,11.6970815,48.1046218,11.6927948,48.1078567,1.50
586,1,0,34271.0,34275.0,00:32:30,01:08:41,32.10,68.19,52.19,2006-02-06 16:25:39,2006-02-06 18:06:50,180,11.6357469,48.139347,11.6142301,48.0970497,190.40
586,2,0,21674.0,21681.0,01:23:55,00:08:42,6.87,135.31,141.31,2006-11-06 01:24:43,2006-11-06 02:57:20,917,11.6149311,48.1158218,11.6151132,48.1205329,23.64
586,3,0,81955.0,81986.0,,,0.00,198.95,148.95,,,2031,11.7213308,48.1753079,11.6791901,48.0627444,40.35
586,4,0,30448.0,30451.0,01:44:02,00:31:51,7.27,126.77,124.77,2009-10-24 11:05:22,2009-10-24 13:21:15,1174,11.4761984,48.2481312,11.5575288,48.2480224,25.94
586,5,0,16216.0,16219.0,00:55:39,00:01:49,7.82,47.71,108.71,2009-10-21 14:02:16,2009-10-21 14:59:44,353,11.3744648,48.06176,11.3608552,48.1959296,45.94
587,0,0,187236.0,187273.0,,,0.00,565.15,598.15,,,4372,11.6793548,48.0627958,11.626976,48.1381988,42.83
587,1,0,224.0,224.0,00:01:46,00:00:28,0.00,0.00,0.00,2009-10-12 20:21:59,2009-10-12 20:24:13,21,11.652291,48.078267,11.651905,48.078379,10.67
587,2,0,8496.0,8496.0,00:34:35,00:02:14,5.89,32.10,35.10,2009-10-11 12:27:28,2009-10-11 13:04:17,307,11.4170191,48.1439382,11.4356103,48.1553316,27.67
587,2,1,8495.0,8496.0,00:34:46,00:02:39,5.88,31.54,34.54,2009-10-11 12:27:04,2009-10-11 13:04:29,300,11.416983,48.1438969,11.4355502,48.1553786,28.32
588,0,0,262389.0,262493.0,,,0.00,690.34,678.34,,,4822,11.6271715,48.1382217,11.3925766,48.1675983,54.41
588,1,0,10576.0,10577.0,00:09:02,00:02:53,34.02,21.60,36.60,2008-08-16 09:08:26,2008-08-16 09:20:21,98,11.7209896,48.1420737,11.5841928,48.1439899,107.92
588,1,1,1499.0,1499.0,00:02:54,00:01:02,12.67,4.71,4.71,2008-08-16 09:21:01,2008-08-16 09:24:57,41,11.5763629,48.1457445,11.5643321,48.1523958,36.55
588,1,2,527.0,527.0,00:01:09,,0.00,0.64,2.64,2008-08-16 11:07:34,2008-08-16 11:08:43,14,11.5499126,48.1378644,11.5561571,48.1377936,37.63
588,2,0,373.0,373.0,00:01:39,00:05:49,7.95,4.56,2.56,2009-10-04 14:49:08,2009-10-04 14:56:36,25,11.361008,48.182658,11.365887,48.182315,14.90
589,0,0,145013.0,145057.0,,,0.00,575.75,532.75,,,4528,11.3926333,48.1676083,11.473183,48.061712,32.03
589,1,0,21.0,21.0,00:00:32,00:00:22,0.00,0.00,0.00,2009-10-03 17:36:59,2009-10-03 17:37:53,28,11.4229419,48.1330464,11.4229011,48.1330916,0.75
589,2,0,4222.0,4223.0,00:35:26,00:01:30,2.48,12.48,23.48,2009-10-03 08:57:29,2009-10-03 09:34:25,444,11.3853771,48.2047309,11.3846866,48.2302553,9.51
58,0,0,2687824.0,2688693.0,,,0.00,2682.04,2674.04,,,5000,11.5305252,48.1340718,11.5002711,48.1306667,537.56
590,0,0,9592.0,9593.0,01:19:20,00:01:35,2.38,47.35,35.35,2009-10-03 09:34:30,2009-10-03 10:55:25,965,11.384653,48.2303631,11.3765203,48.20633,9.94
590,1,0,34922.0,34923.0,,,0.00,54.05,92.05,,,422,11.37424,48.06162,11.6246402,48.1393227,82.75
590,2,0,19111.0,19118.0,00:21:10,00:00:59,30.66,86.75,117.75,2009-06-09 18:55:24,2009-06-09 19:17:33,1293,11.577626,48.126053,11.643019,48.248199,14.78
590,3,0,7877.0,7886.0,00:44:45,00:01:05,5.88,87.17,87.17,2009-06-09 17:45:22,2009-06-09 18:31:12,2229,11.577849,48.126366,11.577588,48.126546,3.53
590,4,0,2807.0,2808.0,00:01:31,,29.20,15.98,8.98,2009-06-09 17:04:00,2009-06-09 17:05:31,91,11.6426149,48.2480979,11.631588,48.226055,30.85
591,0,0,16182.0,16187.0,00:29:10,00:04:51,20.07,91.73,66.73,2009-06-09 17:05:32,2009-06-09 17:39:33,2017,11.631466,48.225808,11.577309,48.1260189,8.02
591,1,0,18876.0,18882.0,00:20:51,00:00:55,27.90,77.25,108.25,2009-06-16 19:16:49,2009-06-16 19:38:35,1266,11.577584,48.126054,11.642994,48.248161,14.91
591,2,0,18804.0,18811.0,00:24:59,00:03:56,30.30,110.69,80.69,2009-06-16 17:03:10,2009-06-16 17:32:05,1717,11.642464,48.248003,11.577637,48.126297,10.95
592,0,0,13736.0,13748.0,01:21:34,00:03:11,4.96,143.25,138.25,2009-06-16 17:32:06,2009-06-16 18:56:51,5000,11.577642,48.126296,11.577825,48.128804,2.75
593,0,0,431.0,432.0,00:02:51,00:00:15,3.65,1.04,6.04,2009-06-16 18:56:52,2009-06-16 18:59:58,187,11.577791,48.128783,11.577657,48.126638,2.31
593,1,0,13723.0,13733.0,01:18:07,00:02:25,4.27,124.22,121.22,2009-06-23 17:35:38,2009-06-23 18:56:10,4813,11.577699,48.126598,11.561054,48.112642,2.85
594,0,0,2456.0,2459.0,00:13:40,00:00:34,4.44,26.85,29.85,2009-06-23 18:56:11,2009-06-23 19:10:25,851,11.561032,48.112668,11.577697,48.12665,2.89
594,1,0,15244.0,15253.0,00:13:11,00:00:34,39.47,49.89,76.89,2009-07-07 18:49:03,2009-07-07 19:02:48,794,11.596852,48.149103,11.642974,48.248143,19.20
594,2,0,9449.0,9455.0,00:49:01,00:01:14,5.84,73.80,75.80,2009-07-07 17:42:59,2009-07-07 18:33:14,2971,11.599282,48.149043,11.597777,48.149725,3.18
594,3,0,4162.0,4163.0,00:05:47,00:00:39,19.58,28.03,18.03,2009-07-07 16:34:18,2009-07-07 16:40:44,384,11.690482,48.248115,11.666156,48.220915,10.84
595,0,0,11492.0,11500.0,00:17:59,00:01:27,16.53,101.43,85.43,2009-07-07 16:40:45,2009-07-07 17:00:11,1161,11.66615,48.220914,11.597263,48.149536,9.90
595,1,0,19617.0,19621.0,00:26:49,00:03:00,24.24,68.36,106.36,2009-07-08 22:23:38,2009-07-08 22:53:27,1732,11.559709,48.134393,11.642835,48.248058,11.33
595,2,0,21690.0,21698.0,00:34:05,00:01:55,26.96,134.40,98.40,2009-07-08 17:38:23,2009-07-08 18:14:23,2107,11.642618,48.248067,11.55895,48.134282,10.29
596,0,0,180.0,180.0,00:01:57,00:00:04,2.62,4.00,0.00,2009-07-08 18:14:24,2009-07-08 18:16:25,121,11.558934,48.134263,11.55886,48.133418,1.48
596,1,0,18169.0,18173.0,00:19:55,00:01:11,32.02,58.44,92.44,2009-07-16 20:15:08,2009-07-16 20:36:14,1068,11.531963,48.163068,11.642975,48.247997,17.01
596,2,0,8839.0,8846.0,00:58:35,00:02:17,4.13,93.31,93.31,2009-07-16 17:07:17,2009-07-16 18:08:09,3624,11.54212,48.171643,11.541871,48.171261,2.44
596,3,0,5258.0,5258.0,00:03:04,00:00:03,30.17,25.62,14.62,2009-07-16 16:28:42,2009-07-16 16:31:49,187,11.642686,48.247997,11.621996,48.206572,28.12
597,0,0,13316.0,13324.0,00:29:26,00:05:11,17.22,87.77,71.77,2009-07-16 16:31:50,2009-07-16 17:06:27,2055,11.621887,48.206359,11.541946,48.171197,6.48
597,1,0,20378.0,20386.0,00:26:32,00:01:35,30.71,138.95,98.95,2009-07-22 18:08:31,2009-07-22 18:36:38,1675,11.642595,48.24819,11.552438,48.145177,12.17
597,2,0,9713.0,9714.0,00:06:11,00:00:07,31.83,28.08,46.08,2009-07-22 22:10:15,2009-07-22 22:16:33,377,11.603808,48.179359,11.643136,48.248193,25.76
597,3,0,13685.0,13697.0,00:14:23,00:00:47,30.70,73.75,73.75,2009-07-26 08:02:03,2009-07-26 08:17:13,893,11.722711,48.157842,11.582742,48.1340819,15.32
598,0,0,1489.0,1490.0,00:11:09,00:00:42,4.27,14.56,8.56,2009-07-26 08:17:14,2009-07-26 08:29:05,701,11.5827139,48.1340739,11.5835709,48.129983,2.12
598,0,1,5235.0,5239.0,00:12:37,00:01:09,14.61,46.53,44.53,2009-07-26 15:08:21,2009-07-26 15:22:07,771,11.5803619,48.1320979,11.552026,48.142988,6.79
598,1,0,25347.0,25359.0,00:39:50,00:03:01,20.19,194.69,157.69,2009-07-30 19:00:42,2009-07-30 19:43:33,2522,11.6906649,48.2481129,11.577226,48.125864,10.05
598,2,0,3918.0,3918.0,,,0.00,15.20,18.20,,,327,11.483264,48.083549,11.483355,48.083431,11.98
598,3,0,9434.0,9438.0,00:11:19,00:00:23,27.89,58.41,74.41,2009-07-30 23:02:09,2009-07-30 23:13:51,679,11.577056,48.125973,11.595979,48.179096,13.89
599,0,0,9706.0,9708.0,00:05:10,00:00:07,30.49,21.45,39.45,2009-07-30 23:13:51,2009-07-30 23:19:08,316,11.5958,48.1789089,11.642937,48.2479909,30.72
599,1,0,76405.0,76426.0,,,0.00,263.24,273.24,,,4684,11.543366,48.150438,11.6016583,48.1475416,16.31
59,0,0,2127224.0,2128212.0,,,0.00,2328.09,2358.09,,,5000,11.5002711,48.1306667,11.586143,48.178568,425.44
5,0,0,39949.0,39969.0,,,0.00,114.57,142.57,,,3860,11.4935514,48.1462618,11.36094,48.2260833,10.35
5,1,0,4359.0,4360.0,00:17:20,00:01:39,5.61,20.43,45.43,2015-04-19 09:26:05,2015-04-19 09:45:04,1140,11.532421,48.0998705,11.554424,48.1275408,3.82
600,0,0,180865.0,180903.0,,,0.00,546.53,525.53,,,3425,11.6017,48.147525,11.4972318,48.1223661,52.81
600,1,0,7194.0,7195.0,00:38:02,00:21:03,4.14,34.56,35.56,2008-02-24 15:27:27,2008-02-24 16:26:32,1200,11.645801,48.119182,11.644919,48.114542,6.00
600,2,0,9638.0,9638.0,00:32:24,00:17:31,7.59,46.80,18.80,2009-09-26 10:53:13,2009-09-26 11:43:08,375,11.4762872,48.2480576,11.4599448,48.1886112,25.70
601,0,0,49946.0,49951.0,01:30:35,05:58:22,32.72,208.45,235.45,2009-09-26 11:43:13,2009-09-26 19:12:10,1585,11.4599304,48.1884384,11.4458288,48.2480416,31.51
601,1,0,24448.0,24449.0,00:14:29,,31.19,3.90,88.90,2009-07-17 10:47:33,2009-07-17 11:02:02,31,11.708922,48.062763,11.641429,48.244902,788.66
601,2,0,85852.0,85872.0,,,0.00,210.60,233.60,,,3384,11.72145,48.18385,11.652854,48.241049,25.37
602,0,0,181776.0,181854.0,,,0.00,477.40,444.40,,,4886,11.65276,48.24106,11.50934,48.162733,37.20
602,1,0,2122.0,2122.0,00:09:02,01:50:46,2.60,6.71,4.71,2009-09-23 14:51:40,2009-09-23 16:51:28,114,11.3622318,48.2008273,11.3665337,48.2047335,18.61
603,0,0,308167.0,308197.0,,,0.00,698.02,652.02,,,4327,11.508605,48.163098,11.3918744,48.102145,71.22
603,1,0,6504.0,6505.0,00:21:50,07:34:07,5.66,31.79,30.79,2009-02-09 01:34:06,2009-02-09 09:30:03,673,11.639252,48.108308,11.63002,48.106793,9.66
604,0,0,400524.0,400653.0,,,0.00,634.18,694.18,,,2316,11.3921933,48.1024922,11.708909,48.190178,172.94
604,1,0,27233.0,27235.0,01:21:53,00:25:09,6.96,72.92,148.92,2009-09-19 15:16:16,2009-09-19 17:03:18,960,11.3806088,48.0616352,11.370836,48.2479872,28.37
604,2,0,6683.0,6690.0,00:19:46,00:00:53,7.68,69.05,92.05,2009-09-19 13:58:29,2009-09-19 14:19:08,1240,11.545466,48.061613,11.532021,48.099641,5.39
604,3,0,17676.0,17677.0,00:08:45,,40.69,46.32,61.32,2009-08-21 13:06:39,2009-08-21 13:15:24,484,11.36115,48.225852,11.533065,48.248063,36.52
605,0,0,347817.0,347876.0,,,0.00,733.04,672.04,,,4587,11.709132,48.189838,11.54257,48.075145,75.83
605,1,0,10514.0,10514.0,00:34:38,00:47:26,6.61,43.19,38.19,2009-09-13 13:21:59,2009-09-13 14:44:03,413,11.4497984,48.248192,11.3958952,48.2480704,25.46
606,0,0,57657.0,57684.0,,,0.00,192.74,226.74,,,1505,11.5426416,48.0751733,11.361488,48.1431,38.31
606,1,0,16660.0,16661.0,00:27:08,00:16:37,22.14,73.62,75.62,2009-09-12 08:39:19,2009-09-12 09:23:04,2567,11.625329,48.061609,11.641154,48.061629,6.49
606,2,0,14407.0,14411.0,02:42:15,04:28:22,19.39,78.85,72.85,2009-09-03 06:23:29,2009-09-03 13:34:06,576,11.5649175,48.1388092,11.5276374,48.1355094,25.01
606,3,0,5216.0,5216.0,00:03:18,,28.69,35.24,3.24,2009-08-05 15:12:06,2009-08-05 15:15:24,100,11.501175,48.102392,11.473689,48.062099,52.16
606,4,0,1029.0,1029.0,00:04:02,00:00:09,5.81,16.77,0.77,2009-09-10 13:49:29,2009-09-10 13:53:40,252,11.4792317,48.0883014,11.4714502,48.0807073,4.08
607,0,0,2738.0,2739.0,00:07:47,,6.48,36.34,16.34,2009-09-10 13:53:41,2009-09-10 14:01:28,468,11.4713956,48.0806636,11.4480555,48.0616322,5.85
607,1,0,16631.0,16636.0,01:12:46,00:00:46,5.42,132.73,132.73,2009-09-07 19:04:45,2009-09-07 20:18:17,4413,11.5441254,48.1324765,11.5443917,48.1324032,3.77
607,2,0,11435.0,11445.0,,,0.00,16.72,44.72,,,119,11.6705522,48.0751877,11.607903,48.150688,96.09
608,0,0,5264.0,5267.0,,,0.00,46.71,47.71,,,5000,11.607871,48.150664,11.560353,48.140266,1.05
609,0,0,63330.0,63345.0,,,0.00,216.98,221.98,,,5000,11.560353,48.140266,11.619473,48.157753,12.67
60,0,0,1983561.0,1984309.0,,,0.00,1822.09,1822.09,,,5000,11.586143,48.178568,11.586031,48.178595,396.71
610,0,0,87424.0,87446.0,,,0.00,211.94,207.94,,,1920,11.619473,48.157753,11.7225532,48.1420173,45.53
610,1,0,22540.0,22543.0,00:23:04,00:05:34,28.72,131.77,116.77,2009-08-01 06:48:30,2009-08-01 07:17:08,1078,11.59945,48.1308649,11.3611833,48.1142083,20.91
610,2,0,24348.0,24351.0,00:18:38,00:00:55,34.06,112.35,101.35,2009-07-26 14:53:41,2009-07-26 15:13:14,690,11.3609916,48.1140449,11.5952383,48.061615,35.29
610,3,0,11086.0,11089.0,00:16:18,00:08:19,14.75,52.89,79.89,2009-07-31 17:52:47,2009-07-31 18:17:24,781,11.6363666,48.0623599,11.5980766,48.1318549,14.19
610,4,0,24562.0,24563.0,00:11:39,,42.01,6.16,92.16,2009-09-06 10:12:52,2009-09-06 10:24:31,43,11.7101009,48.0633585,11.6419723,48.2462494,571.20
610,5,0,25213.0,25215.0,00:41:33,,44.26,110.68,19.68,2009-05-21 12:00:48,2009-05-21 12:42:21,136,11.6425566,48.2476233,11.7068233,48.06189,185.39
610,6,0,11108.0,11109.0,00:08:55,00:00:59,27.80,16.53,73.53,2009-05-24 13:59:05,2009-05-24 14:08:59,352,11.4746283,48.06235,11.5355116,48.1458516,31.56
611,0,0,16357.0,16359.0,00:12:59,,34.09,50.46,90.46,2009-05-24 14:09:00,2009-05-24 14:21:59,433,11.535635,48.1460083,11.6429966,48.2481966,37.78
611,1,0,296576.0,296622.0,,,0.00,670.05,671.05,,,3786,11.6061401,48.0652618,11.663049,48.062107,78.33
611,2,0,23979.0,23979.0,00:02:18,,0.00,0.00,95.00,2009-09-04 20:52:25,2009-09-04 20:54:43,10,11.4265983,48.0656766,11.6931916,48.1877783,2397.86
611,3,0,0.0,0.0,,00:13:33,0.00,0.00,0.00,2009-05-05 07:19:59,2009-05-05 07:33:32,15,11.558066,48.142888,11.558066,48.142888,0.00
611,3,1,0.0,0.0,,00:00:01,0.00,0.00,0.00,2009-05-05 07:33:34,2009-05-05 07:33:35,2,11.558066,48.142888,11.558066,48.142888,0.00
611,3,2,0.0,0.0,,,0.00,0.00,0.00,2009-05-05 07:33:37,2009-05-05 07:33:37,1,11.558066,48.142888,11.558066,48.142888,0.00
611,3,3,0.0,0.0,,00:23:48,0.00,0.00,0.00,2009-05-05 07:34:19,2009-05-05 07:58:07,74,11.558066,48.142888,11.558066,48.142888,0.00
611,3,4,0.0,0.0,,00:00:03,0.00,0.00,0.00,2009-05-05 07:58:24,2009-05-05 07:58:27,2,11.558066,48.142888,11.558066,48.142888,0.00
611,3,5,0.0,0.0,,00:30:06,0.00,0.00,0.00,2009-05-05 07:58:29,2009-05-05 08:28:35,84,11.558066,48.142888,11.558066,48.142888,0.00
611,3,6,20768.0,20770.0,00:30:09,00:02:30,32.23,33.92,95.92,2009-05-05 17:17:30,2009-05-05 17:50:09,196,11.368946,48.062672,11.564305,48.139334,105.96
611,3,7,0.0,0.0,,,0.00,0.00,0.00,2009-05-05 17:50:27,2009-05-05 17:50:27,1,11.564236,48.139365,11.564236,48.139365,0.00
611,3,8,60.0,60.0,00:00:52,00:00:20,0.00,0.00,0.00,2009-05-05 17:51:10,2009-05-05 17:52:22,8,11.565233,48.139117,11.565281,48.138932,7.50
611,3,9,0.0,0.0,,00:03:02,0.00,0.00,0.00,2009-05-05 17:52:47,2009-05-05 17:55:49,4,11.565307,48.138926,11.565307,48.138926,0.00
611,3,10,90.0,91.0,00:01:06,,0.00,1.00,0.00,2009-05-05 17:57:19,2009-05-05 17:58:25,10,11.564026,48.139427,11.563207,48.139674,9.05
611,4,0,980.0,981.0,00:06:05,00:00:08,4.18,9.58,10.58,2009-08-31 19:05:48,2009-08-31 19:12:01,374,11.5431675,48.1321905,11.5334369,48.1333406,2.62
612,0,0,12655.0,12659.0,01:00:07,,4.79,103.30,103.30,2009-08-31 19:12:02,2009-08-31 20:12:09,3608,11.5334043,48.1333618,11.544401,48.1324121,3.51
612,1,0,95654.0,95694.0,,,0.00,456.08,459.08,,,1392,11.574359,48.160399,11.579044,48.127096,68.72
613,0,0,82245.0,82257.0,,,0.00,187.58,197.58,,,704,11.579026,48.127329,11.589331,48.176234,116.83
613,1,0,17340.0,17347.0,01:09:53,01:57:18,5.53,141.86,175.86,2009-08-30 08:45:50,2009-08-30 11:53:01,4296,11.5890042,48.1245838,11.6822255,48.1893067,4.04
614,0,0,4741.0,4742.0,00:18:11,00:00:50,5.63,24.27,11.27,2009-08-30 11:53:02,2009-08-30 12:12:03,1142,11.6822987,48.1892982,11.7228732,48.1705929,4.15
614,1,0,14484.0,14485.0,00:13:12,00:00:18,29.27,67.17,39.17,2009-08-25 19:38:38,2009-08-25 19:52:08,271,11.507573,48.151449,11.360827,48.114117,53.45
614,2,0,117860.0,117934.0,,,0.00,411.23,499.23,,,3587,11.7064683,48.0617416,11.6556675,48.2330043,32.86
615,0,0,140029.0,140062.0,,,0.00,336.12,311.12,,,5000,11.6556285,48.2330157,11.67313,48.15645,28.01
616,0,0,89125.0,89146.0,,,0.00,188.99,193.99,,,2997,11.67342,48.15648,11.5970383,48.172845,29.74
616,1,0,5989.0,5991.0,00:31:52,00:01:30,4.88,44.55,61.55,2009-08-24 19:04:44,2009-08-24 19:38:06,2003,11.5442406,48.1324282,11.5110854,48.1616762,2.99
617,0,0,10644.0,10646.0,00:41:43,00:00:11,5.60,81.17,64.17,2009-08-24 19:38:07,2009-08-24 20:20:01,2515,11.5110442,48.1617077,11.5443503,48.1324306,4.23
617,1,0,73504.0,73531.0,,,0.00,162.77,213.77,,,1293,11.707337,48.113573,11.722142,48.24498,56.85
617,2,0,26564.0,26566.0,00:21:45,00:01:44,30.18,82.04,164.04,2009-08-22 08:28:59,2009-08-22 08:52:28,1192,11.4740275,48.061748,11.3988902,48.2036001,22.28
618,0,0,33447.0,33449.0,00:22:10,07:28:41,37.34,171.23,89.23,2009-08-22 08:52:29,2009-08-22 16:43:20,1241,11.3985951,48.2037888,11.4733919,48.0618168,26.95
618,1,0,155244.0,155254.0,,,0.00,198.96,167.96,,,3759,11.5938866,48.1310916,11.3821433,48.0660583,41.30
619,0,0,262061.0,262154.0,,,0.00,706.24,720.24,,,4203,11.381795,48.0661316,11.7228099,48.0916923,62.35
619,1,0,5683.0,5684.0,00:17:03,00:13:46,7.64,28.40,15.40,2009-08-19 12:16:03,2009-08-19 12:46:52,197,11.646492,48.08808,11.625192,48.0617248,28.85
619,2,0,592.0,592.0,00:08:06,00:01:53,2.08,9.89,5.89,2009-08-17 19:06:42,2009-08-17 19:16:41,600,11.5440796,48.1325052,11.5478267,48.1356356,0.99
61,0,0,840834.0,841164.0,,,0.00,863.41,883.41,,,3871,11.586033,48.178604,11.5787114,48.2482079,217.21
61,1,0,9414.0,9414.0,00:08:21,00:01:34,30.25,14.75,9.75,2014-07-03 05:50:34,2014-07-03 06:00:29,54,11.6059253,48.128024,11.7227093,48.1131906,174.34
61,2,0,6438.0,6441.0,00:20:58,00:02:17,8.23,29.89,67.89,2014-06-29 03:56:24,2014-06-29 04:19:39,1075,11.526671,48.077232,11.555801,48.124237,5.99
620,0,0,19443.0,19449.0,01:23:02,00:00:35,5.58,127.64,146.64,2009-08-17 19:16:42,2009-08-17 20:40:19,5000,11.5478613,48.1356625,11.5480941,48.1588316,3.89
621,0,0,4019.0,4021.0,00:15:30,,5.27,43.90,27.90,2009-08-17 20:40:20,2009-08-17 20:55:50,928,11.5481269,48.1588044,11.5443443,48.1324112,4.33
621,1,0,300365.0,300435.0,,,0.00,810.26,784.26,,,4072,11.641454,48.245698,11.6024227,48.1586647,73.76
622,0,0,266156.0,266238.0,,,0.00,919.71,897.71,,,5000,11.6023263,48.158802,11.54416,48.110466,53.23
623,0,0,142057.0,142092.0,,,0.00,503.33,500.33,,,5000,11.544188,48.110363,11.6943096,48.1284701,28.41
624,0,0,97701.0,97769.0,,,0.00,313.70,354.70,,,5000,11.6942513,48.1284522,11.568021,48.22724,19.54
625,0,0,148501.0,148549.0,,,0.00,412.21,394.21,,,5000,11.567526,48.227217,11.5835266,48.1809082,29.70
626,0,0,30807.0,30811.0,,,0.00,122.57,91.57,,,5000,11.5835084,48.1809043,11.3659296,48.1295127,6.16
627,0,0,25900.0,25907.0,,,0.00,135.81,147.81,,,5000,11.3659429,48.1294975,11.5590934,48.1409111,5.18
628,0,0,39984.0,40009.0,,,0.00,231.19,229.19,,,5000,11.5590753,48.1408843,11.6157533,48.1435466,8.00
629,0,0,76154.0,76183.0,,,0.00,319.13,314.13,,,5000,11.6157883,48.1437533,11.575591,48.110025,15.23
62,0,0,2154.0,2155.0,00:08:29,00:00:19,7.67,9.75,15.75,2014-06-29 04:19:41,2014-06-29 04:28:29,387,11.555807,48.12429,11.558682,48.139545,5.57
62,1,0,4326.0,4326.0,00:13:57,00:00:36,6.81,30.01,11.01,2014-06-28 09:27:34,2014-06-28 09:42:07,873,11.7228232,48.1304174,11.7228585,48.1033289,4.95
62,2,0,5731.0,5731.0,00:21:30,00:07:49,7.58,32.64,19.64,2014-06-05 11:27:47,2014-06-05 11:57:06,959,11.722844,48.123479,11.722873,48.103272,5.98
62,3,0,253491.0,253534.0,,,0.00,508.76,501.76,,,2781,11.660424,48.076084,11.59752,48.067963,91.15
630,0,0,55571.0,55585.0,,,0.00,105.03,118.03,,,5000,11.575665,48.110162,11.671598,48.141199,11.11
631,0,0,133578.0,133612.0,,,0.00,402.71,375.71,,,3967,11.671598,48.141199,11.427612,48.104929,33.67
631,1,0,8449.0,8450.0,00:11:20,00:00:08,18.63,32.42,41.42,2007-11-12 21:54:04,2007-11-12 22:05:32,658,11.3947321,48.1376329,11.5031487,48.1446404,12.84
631,1,1,202.0,202.0,00:00:15,,0.00,0.37,1.37,2007-11-12 22:05:44,2007-11-12 22:05:59,15,11.5032441,48.1461625,11.5033624,48.1479783,13.48
631,1,2,67.0,67.0,00:00:07,,0.00,0.00,1.00,2007-11-12 22:06:32,2007-11-12 22:06:39,8,11.5046469,48.1518502,11.5051304,48.1522546,8.32
631,2,0,8722.0,8722.0,00:04:50,,33.91,36.44,24.44,2007-11-12 12:35:53,2007-11-12 12:40:43,275,11.5327088,48.2480759,11.4649769,48.2091203,31.72
631,2,1,2021.0,2021.0,00:01:16,,28.86,7.64,3.64,2007-11-12 12:41:28,2007-11-12 12:42:44,77,11.4525458,48.2045464,11.4371192,48.1943116,26.25
632,0,0,5975.0,5976.0,00:05:34,,26.57,35.22,13.22,2007-11-12 12:42:45,2007-11-12 12:48:19,333,11.4371773,48.1940484,11.4562355,48.1514687,17.94
632,0,1,1352.0,1353.0,00:02:45,00:00:37,15.68,9.75,4.75,2007-11-12 12:48:22,2007-11-12 12:51:44,156,11.4565884,48.1511483,11.448919,48.1414018,8.67
632,1,0,7490.0,7491.0,00:14:03,00:01:06,15.21,38.32,29.32,2007-11-12 13:18:18,2007-11-12 13:33:27,811,11.4486319,48.1416078,11.3670651,48.1310181,9.24
632,2,0,24820.0,24821.0,00:16:45,,29.44,101.77,7.77,2008-03-07 23:34:24,2008-03-07 23:51:09,35,11.641665,48.2460683,11.7069133,48.0618533,709.14
632,3,0,24633.0,24634.0,00:15:30,,28.57,4.27,91.27,2009-03-03 20:02:40,2009-03-03 20:18:10,31,11.707888,48.062135,11.641452,48.244808,794.61
632,4,0,15303.0,15303.0,00:14:50,00:01:51,30.44,10.65,53.65,2009-07-16 08:45:21,2009-07-16 09:02:02,124,11.57448,48.14488,11.643,48.24813,123.41
632,5,0,402269.0,402346.0,,,0.00,1112.25,1198.25,,,3510,11.474783,48.062516,11.635768,48.194258,114.61
633,0,0,113909.0,114002.0,,,0.00,450.63,405.63,,,5000,11.635981,48.194656,11.5273562,48.1149419,22.78
634,0,0,112266.0,112313.0,,,0.00,450.11,464.11,,,5000,11.5273546,48.1149474,11.5488761,48.1129112,22.45
635,0,0,140348.0,140385.0,,,0.00,549.89,564.89,,,5000,11.5488652,48.1129541,11.5980755,48.1451923,28.07
636,0,0,96209.0,96266.0,,,0.00,293.89,288.89,,,5000,11.5980926,48.1448731,11.571027,48.13835,19.24
637,0,0,58403.0,58410.0,,,0.00,130.41,168.41,,,5000,11.57101,48.138357,11.446558,48.242209,11.68
638,0,0,72204.0,72228.0,,,0.00,173.67,128.67,,,5000,11.446651,48.24192,11.572962,48.1383978,14.44
639,0,0,23261.0,23279.0,,,0.00,76.17,120.17,,,5000,11.5729471,48.1383693,11.671288,48.238088,4.65
63,0,0,86180.0,86215.0,,,0.00,273.04,343.04,,,4634,11.597672,48.067932,11.6737683,48.2284053,18.60
63,1,0,333.0,333.0,00:04:22,,1.44,2.00,0.00,2014-06-07 13:17:03,2014-06-07 13:21:25,49,11.6152181,48.1853542,11.6194418,48.1852935,6.80
63,1,1,608.0,608.0,00:12:19,00:05:34,2.11,4.64,0.64,2014-06-07 15:25:44,2014-06-07 15:43:37,128,11.6201361,48.1856397,11.621482,48.1820222,4.75
63,1,2,1715.0,1715.0,00:25:37,00:02:06,1.78,11.67,11.67,2014-06-07 15:50:13,2014-06-07 16:17:56,185,11.6180776,48.1789036,11.6040269,48.1794608,9.27
63,1,3,1.0,1.0,,00:01:20,0.00,0.00,0.00,2014-06-07 21:27:18,2014-06-07 21:28:38,4,11.5190298,48.1473422,11.5190399,48.1473436,0.19
640,0,0,134980.0,135040.0,,,0.00,527.49,490.49,,,5000,11.671856,48.238077,11.558685,48.1188666,27.00
641,0,0,54887.0,54913.0,,,0.00,348.20,362.20,,,5000,11.5587583,48.1188883,11.6184733,48.167065,10.98
642,0,0,178961.0,179012.0,,,0.00,420.93,427.93,,,5000,11.61839,48.1670916,11.4531161,48.2045616,35.79
643,0,0,367425.0,367491.0,,,0.00,633.83,593.83,,,5000,11.4537448,48.2046153,11.448,48.1303716,73.48
644,0,0,117082.0,117140.0,,,0.00,316.84,319.84,,,5000,11.4479849,48.1303233,11.464495,48.130263,23.42
645,0,0,27117.0,27127.0,,,0.00,195.77,202.77,,,5000,11.464498,48.130219,11.475783,48.141216,5.42
646,0,0,932.0,936.0,,,0.00,10.27,9.27,,,5000,11.47579,48.141281,11.475848,48.14338,0.19
647,0,0,33646.0,33678.0,,,0.00,85.81,94.81,,,5000,11.475848,48.14338,11.4744383,48.1599383,6.73
648,0,0,53631.0,53646.0,,,0.00,242.35,255.35,,,5000,11.4745849,48.1598733,11.548392,48.168174,10.73
649,0,0,2732.0,2734.0,,,0.00,25.39,16.39,,,5000,11.548391,48.168179,11.547646,48.166187,0.55
64,0,0,149552.0,149588.0,,,0.00,347.16,280.16,,,2748,11.6737445,48.2284442,11.6366107,48.0619903,54.42
64,1,0,13519.0,13524.0,00:38:56,03:44:46,7.20,114.79,114.79,2014-06-08 12:33:20,2014-06-08 16:57:02,609,11.6659141,48.1059637,11.6660367,48.1059444,22.20
64,2,0,3237.0,3239.0,00:16:59,00:11:54,5.31,27.54,32.54,2014-06-07 18:24:20,2014-06-07 18:53:13,1643,11.5775246,48.142347,11.5850864,48.1325272,1.97
650,0,0,128906.0,128974.0,,,0.00,386.74,399.74,,,5000,11.547651,48.166191,11.390843,48.208602,25.78
651,0,0,167119.0,167209.0,,,0.00,517.85,485.85,,,5000,11.39053,48.208773,11.5399627,48.0803794,33.42
652,0,0,102622.0,102685.0,,,0.00,589.82,620.82,,,5000,11.5399122,48.0803184,11.3894187,48.2077823,20.52
653,0,0,301476.0,301539.0,,,0.00,761.60,734.60,,,5000,11.3895174,48.207845,11.5757793,48.1377829,60.30
654,0,0,106346.0,106409.0,,,0.00,283.27,309.27,,,5000,11.5757768,48.1377506,11.362607,48.20416,21.27
655,0,0,73955.0,73987.0,,,0.00,206.78,181.78,,,4059,11.362727,48.20418,11.5442901,48.1324135,18.22
655,1,0,12387.0,12392.0,00:22:16,00:06:39,17.34,65.97,66.97,2009-06-29 14:27:18,2009-06-29 14:56:13,941,11.576553,48.147979,11.441182,48.17044,13.16
656,0,0,10016.0,10016.0,00:05:59,,44.21,24.05,45.05,2009-06-29 14:56:14,2009-06-29 15:02:13,327,11.44101,48.170371,11.360807,48.226096,30.63
656,1,0,118377.0,118414.0,,,0.00,226.26,185.26,,,4673,11.3940352,48.2450046,11.548818,48.092002,25.33
657,0,0,151631.0,151680.0,,,0.00,506.85,505.85,,,5000,11.548819,48.092002,11.4617883,48.1501083,30.33
658,0,0,242945.0,243054.0,,,0.00,611.20,626.20,,,5000,11.4617533,48.1500817,11.461934,48.17723,48.59
659,0,0,120531.0,120612.0,,,0.00,521.10,525.10,,,5000,11.461929,48.177228,11.53017,48.171767,24.11
65,0,0,9162.0,9166.0,00:51:42,00:03:29,4.80,85.04,82.04,2014-06-07 18:53:14,2014-06-07 19:48:25,3311,11.5850701,48.1325106,11.5774908,48.1425252,2.77
65,1,0,66583.0,66612.0,,,0.00,358.50,353.50,,,1689,11.532874,48.167557,11.54001,48.173893,39.42
660,0,0,127801.0,127852.0,,,0.00,499.32,491.32,,,5000,11.530101,48.171807,11.575451,48.134977,25.56
661,0,0,192121.0,192221.0,,,0.00,641.50,621.50,,,5000,11.575436,48.134972,11.410681,48.130775,38.42
662,0,0,212088.0,212164.0,,,0.00,624.99,647.99,,,5000,11.410256,48.130648,11.428604,48.176967,42.42
663,0,0,173365.0,173454.0,,,0.00,699.75,663.75,,,5000,11.429195,48.177492,11.59223,48.08853,34.67
664,0,0,264556.0,264619.0,,,0.00,602.77,620.77,,,5000,11.592084,48.088767,11.5277547,48.1264414,52.91
665,0,0,98892.0,98949.0,,,0.00,360.54,361.54,,,5000,11.5277656,48.1264406,11.572515,48.138013,19.78
666,0,0,153864.0,153915.0,,,0.00,448.10,476.10,,,5000,11.57252,48.138002,11.5823082,48.1879715,30.77
667,0,0,5261.0,5261.0,,,0.00,23.89,26.89,,,5000,11.5823082,48.1879715,11.6131383,48.1873199,1.05
668,0,0,129932.0,129962.0,,,0.00,508.97,512.97,,,5000,11.6129765,48.1873832,11.587738,48.212113,25.99
669,0,0,528785.0,528904.0,,,0.00,1028.52,996.52,,,5000,11.587704,48.211943,11.545983,48.126762,105.76
66,0,0,135587.0,135648.0,,,0.00,391.26,415.26,,,5000,11.540112,48.174,11.3609294,48.22172,27.12
670,0,0,231871.0,232001.0,,,0.00,1136.86,1141.86,,,5000,11.546287,48.126703,11.5519066,48.148825,46.37
671,0,0,82376.0,82489.0,,,0.00,221.74,209.74,,,5000,11.5517383,48.14886,11.5227063,48.1305131,16.48
672,0,0,10577.0,10579.0,,,0.00,56.91,61.91,,,5000,11.5227219,48.1305101,11.526747,48.1288103,2.12
673,0,0,140088.0,140154.0,,,0.00,354.50,402.50,,,5000,11.5267281,48.1288261,11.454737,48.248002,28.02
674,0,0,221440.0,221512.0,,,0.00,555.04,542.04,,,5000,11.454734,48.247979,11.493325,48.2100615,44.29
675,0,0,236583.0,236685.0,,,0.00,578.02,550.02,,,4521,11.4936815,48.2101649,11.360973,48.148593,52.33
675,1,0,5694.0,5695.0,00:03:44,,27.72,26.75,36.75,2009-06-07 14:28:44,2009-06-07 14:32:28,225,11.3608014,48.1139394,11.4288156,48.1286255,25.31
675,1,1,5669.0,5669.0,00:04:15,,23.22,24.73,27.73,2009-06-07 14:32:35,2009-06-07 14:36:50,254,11.4312173,48.1277531,11.5056443,48.12552,22.32
676,0,0,1574.0,1574.0,00:01:47,,18.51,13.00,6.00,2009-06-07 14:36:51,2009-06-07 14:38:38,108,11.5059229,48.1254902,11.5173706,48.118679,14.57
676,0,1,481.0,481.0,00:00:52,,13.05,2.83,2.83,2009-06-07 14:39:01,2009-06-07 14:39:53,53,11.5173535,48.1186768,11.5167672,48.1143978,9.07
676,0,2,2530.0,2531.0,00:02:54,,17.77,18.91,29.91,2009-06-07 14:40:17,2009-06-07 14:43:11,175,11.516794,48.1143273,11.5454799,48.1121052,14.46
676,0,3,1137.0,1137.0,00:01:10,,20.32,6.70,12.70,2009-06-07 14:43:48,2009-06-07 14:44:58,69,11.5549361,48.1123826,11.5695913,48.1117664,16.48
676,0,4,578.0,579.0,00:00:48,,16.47,15.33,1.33,2009-06-07 14:45:25,2009-06-07 14:46:13,49,11.5695675,48.111663,11.5755834,48.1116012,11.80
676,0,5,325.0,325.0,00:00:55,,9.26,3.52,1.52,2009-06-07 14:46:21,2009-06-07 14:47:16,56,11.5756365,48.1115891,11.5741099,48.1099192,5.81
676,0,6,0.0,0.0,,,0.00,0.00,0.00,2009-06-07 14:47:49,2009-06-07 14:47:49,1,11.5741207,48.1099187,11.5741207,48.1099187,0.00
676,0,7,0.0,0.0,,,0.00,0.00,0.00,2009-06-07 14:47:54,2009-06-07 14:47:54,1,11.5741054,48.1098649,11.5741054,48.1098649,0.00
676,0,8,1.0,1.0,00:00:01,,0.00,0.00,0.00,2009-06-07 14:48:14,2009-06-07 14:48:15,2,11.5741578,48.1099287,11.5741489,48.1099174,0.71
676,0,9,0.0,0.0,,,0.00,0.00,0.00,2009-06-07 14:48:17,2009-06-07 14:48:17,1,11.5741335,48.1098992,11.5741335,48.1098992,0.00
676,1,0,119814.0,119870.0,,,0.00,244.32,222.32,,,4485,11.493439,48.116608,11.3878743,48.064685,26.71
677,0,0,29516.0,29525.0,,,0.00,163.85,164.85,,,5000,11.3878964,48.0646808,11.3808944,48.0630432,5.90
678,0,0,55014.0,55051.0,,,0.00,209.55,266.55,,,5000,11.3808992,48.0630976,11.709384,48.1716111,11.00
679,0,0,45225.0,45263.0,,,0.00,225.81,157.81,,,5000,11.709355,48.171592,11.537652,48.064279,9.04
67,0,0,48881.0,48931.0,,,0.00,225.88,198.88,,,4778,11.3609289,48.2217204,11.6716909,48.1377664,10.23
67,1,0,27804.0,27805.0,00:24:05,00:00:06,29.79,13.55,110.55,2013-06-29 09:58:50,2013-06-29 10:23:01,222,11.4742109,48.062032,11.6429629,48.2477279,125.24
680,0,0,215175.0,215263.0,,,0.00,531.94,589.94,,,5000,11.537582,48.064229,11.555912,48.14078,43.03
681,0,0,108216.0,108244.0,,,0.00,498.98,488.98,,,5000,11.55591,48.14078,11.393639,48.14201,21.64
682,0,0,104710.0,104752.0,,,0.00,165.99,157.99,,,2625,11.393731,48.142015,11.6377153,48.113903,39.89
682,1,0,0.0,0.0,,,0.00,0.00,0.00,2009-05-28 12:13:48,2009-05-28 12:13:48,1,11.5740491,48.1098645,11.5740491,48.1098645,0.00
682,1,1,0.0,0.0,00:00:01,,0.00,0.00,0.00,2009-05-28 12:14:14,2009-05-28 12:14:15,2,11.5740696,48.1098405,11.5740747,48.1098387,0.21
682,1,2,33.0,33.0,00:00:11,,0.00,0.00,0.00,2009-05-28 12:14:18,2009-05-28 12:14:29,12,11.5740801,48.1098338,11.5739245,48.1095606,2.73
682,1,3,51.0,51.0,00:00:10,,0.00,1.00,0.00,2009-05-28 12:14:32,2009-05-28 12:14:42,11,11.57396,48.1094772,11.5745689,48.1092947,4.65
682,1,4,50.0,50.0,00:00:08,,0.00,0.00,1.00,2009-05-28 12:14:55,2009-05-28 12:15:03,9,11.5746439,48.1092175,11.574335,48.1088408,5.54
682,1,5,0.0,0.0,,,0.00,0.00,0.00,2009-05-28 12:15:07,2009-05-28 12:15:07,1,11.5744186,48.1088114,11.5744186,48.1088114,0.00
682,1,6,46.0,46.0,00:00:10,00:00:01,0.00,1.00,0.00,2009-05-28 12:15:35,2009-05-28 12:15:46,12,11.5744916,48.1088548,11.5748584,48.1091772,3.81
682,1,7,27.0,27.0,00:00:12,,0.00,0.00,1.00,2009-05-28 12:15:50,2009-05-28 12:16:02,13,11.57488,48.109208,11.5750749,48.1094059,2.04
682,1,8,2.0,2.0,00:00:01,,0.00,0.00,0.00,2009-05-28 12:16:09,2009-05-28 12:16:10,2,11.575111,48.1094422,11.5751219,48.1094537,0.76
682,1,9,0.0,0.0,,,0.00,0.00,0.00,2009-05-28 12:16:49,2009-05-28 12:16:49,1,11.5752387,48.1095161,11.5752387,48.1095161,0.00
682,1,10,0.0,0.0,,,0.00,0.00,0.00,2009-05-28 12:16:51,2009-05-28 12:16:51,1,11.5753456,48.1095385,11.5753456,48.1095385,0.00
682,1,11,14.0,14.0,00:00:04,,0.00,0.00,0.00,2009-05-28 12:16:53,2009-05-28 12:16:57,5,11.575424,48.1096027,11.5754513,48.1097232,2.77
682,1,12,34.0,34.0,00:00:11,,0.00,0.00,4.00,2009-05-28 12:17:21,2009-05-28 12:17:32,12,11.5754714,48.1098041,11.5756193,48.1100928,2.83
682,1,13,58.0,58.0,00:00:15,00:00:01,0.00,5.00,0.00,2009-05-28 12:18:58,2009-05-28 12:19:14,17,11.5755573,48.1100971,11.5758664,48.1105752,3.42
682,1,14,57.0,57.0,00:00:09,,0.00,2.00,0.00,2009-05-28 12:20:28,2009-05-28 12:20:37,10,11.5757591,48.1108159,11.5760247,48.1112908,5.74
682,1,15,1946.0,1947.0,00:02:21,,18.12,15.87,22.87,2009-05-28 12:21:58,2009-05-28 12:24:19,142,11.5761432,48.1113308,11.5530307,48.1123501,13.71
682,1,16,1136.0,1136.0,00:01:42,,18.18,14.21,5.21,2009-05-28 12:24:58,2009-05-28 12:26:40,97,11.5423976,48.1114573,11.5275027,48.1099376,11.71
682,1,17,477.0,477.0,00:00:50,,13.21,2.41,1.41,2009-05-28 12:26:56,2009-05-28 12:27:46,51,11.5274302,48.1099598,11.5210006,48.110039,9.36
682,1,18,93.0,93.0,00:00:13,,0.00,0.24,0.24,2009-05-28 12:27:58,2009-05-28 12:28:11,14,11.52094,48.1100441,11.5197261,48.1101325,6.65
682,1,19,861.0,862.0,00:01:19,00:00:01,14.69,5.06,6.06,2009-05-28 12:28:16,2009-05-28 12:29:36,81,11.5196892,48.1101537,11.517159,48.1174359,10.64
682,1,20,2462.0,2462.0,00:02:39,00:00:01,21.25,10.74,15.74,2009-05-28 12:30:09,2009-05-28 12:32:49,161,11.5172629,48.117493,11.5035954,48.126037,15.29
682,1,21,110.0,110.0,00:00:25,,5.91,0.17,2.17,2009-05-28 12:33:31,2009-05-28 12:33:56,26,11.5035692,48.1260509,11.5028006,48.1256071,4.24
682,1,22,1504.0,1504.0,00:01:45,,21.64,9.66,5.66,2009-05-28 12:34:18,2009-05-28 12:36:03,106,11.5028785,48.1255879,11.5185214,48.1212111,14.19
682,1,23,215.0,215.0,00:00:51,,7.05,0.65,0.65,2009-05-28 12:36:14,2009-05-28 12:37:05,52,11.518494,48.1211678,11.5176555,48.119314,4.14
682,1,24,501.0,501.0,00:00:59,,11.66,4.31,1.31,2009-05-28 12:37:21,2009-05-28 12:38:20,60,11.5176411,48.1192564,11.516766,48.1148204,8.35
682,1,25,440.0,440.0,00:00:48,,13.67,4.91,2.91,2009-05-28 12:38:32,2009-05-28 12:39:20,49,11.5167722,48.1147434,11.5181117,48.111024,8.98
682,1,26,2126.0,2127.0,00:02:30,,18.14,11.31,24.31,2009-05-28 12:39:59,2009-05-28 12:42:29,151,11.5181791,48.1110347,11.5454475,48.1121118,14.08
682,1,27,1152.0,1152.0,00:01:15,,19.39,6.43,12.43,2009-05-28 12:43:01,2009-05-28 12:44:16,70,11.554862,48.1124551,11.5695996,48.1117571,16.45
682,1,28,565.0,566.0,00:00:47,,16.39,15.85,1.85,2009-05-28 12:45:18,2009-05-28 12:46:05,48,11.5696703,48.1116975,11.5756248,48.1116662,11.77
682,1,29,321.0,321.0,00:00:51,,10.29,3.51,1.51,2009-05-28 12:46:22,2009-05-28 12:47:13,52,11.5756661,48.1116264,11.5741407,48.1099724,6.18
682,1,30,6.0,6.0,00:00:03,,0.00,0.00,0.00,2009-05-28 12:47:20,2009-05-28 12:47:23,4,11.5740751,48.10992,11.5740394,48.1098742,1.45
682,1,31,0.0,0.0,,,0.00,0.00,0.00,2009-05-28 12:55:30,2009-05-28 12:55:30,1,11.5747045,48.1090325,11.5747045,48.1090325,0.00
682,1,32,37.0,37.0,00:00:09,,0.00,0.00,0.00,2009-05-28 12:56:39,2009-05-28 12:56:48,10,11.5748553,48.1091458,11.575075,48.1094326,3.68
682,1,33,74.0,74.0,00:00:15,,0.00,0.00,4.00,2009-05-28 12:57:36,2009-05-28 12:57:51,16,11.5751005,48.1094556,11.5755248,48.1100548,4.61
682,1,34,61.0,61.0,00:00:15,,0.00,0.00,0.00,2009-05-28 12:58:52,2009-05-28 12:59:07,16,11.5755102,48.1100911,11.575775,48.1106112,3.82
682,1,35,0.0,0.0,,,0.00,0.00,0.00,2009-05-28 13:00:48,2009-05-28 13:00:48,1,11.5761059,48.1112451,11.5761059,48.1112451,0.00
682,1,36,538.0,538.0,00:00:46,,16.17,1.19,15.19,2009-05-28 13:01:53,2009-05-28 13:02:39,47,11.5762556,48.1112511,11.5708215,48.1109224,11.45
682,1,37,1422.0,1422.0,00:01:50,,16.87,14.54,7.54,2009-05-28 13:02:58,2009-05-28 13:04:48,111,11.570778,48.1109573,11.5529846,48.1123697,12.81
682,1,38,1581.0,1582.0,00:01:58,,16.80,20.71,10.71,2009-05-28 13:05:37,2009-05-28 13:07:35,119,11.5420601,48.1112673,11.5210178,48.1100484,13.29
682,1,39,85.0,85.0,00:00:15,,0.00,0.32,0.32,2009-05-28 13:07:45,2009-05-28 13:08:00,16,11.5209886,48.1100527,11.5198534,48.1101218,5.32
682,1,40,320.0,320.0,00:00:48,,11.37,1.59,0.59,2009-05-28 13:08:11,2009-05-28 13:08:59,49,11.5197608,48.1101448,11.5178721,48.1126359,6.53
682,1,41,0.0,0.0,,,0.00,0.00,0.00,2009-05-28 13:09:04,2009-05-28 13:09:04,1,11.5178489,48.1126759,11.5178489,48.1126759,0.00
682,1,42,8634.0,8635.0,00:08:03,,23.29,41.64,47.64,2009-05-28 13:09:26,2009-05-28 13:17:29,484,11.5178131,48.1126968,11.4297266,48.1284569,17.84
682,1,43,5562.0,5563.0,00:03:56,,25.86,31.73,27.73,2009-05-28 13:17:32,2009-05-28 13:21:28,231,11.4273452,48.1292813,11.3609343,48.1141367,24.08
683,0,0,88583.0,88623.0,,,0.00,441.36,481.36,,,5000,11.6377162,48.1139411,11.6243183,48.17918,17.72
684,0,0,95862.0,95892.0,,,0.00,356.88,340.88,,,5000,11.62439,48.17915,11.5070453,48.171515,19.17
685,0,0,157728.0,157765.0,,,0.00,519.64,513.64,,,5000,11.5071027,48.1714911,11.58733,48.1433216,31.55
686,0,0,62549.0,62574.0,,,0.00,243.72,246.72,,,5000,11.587185,48.1433633,11.6422833,48.163365,12.51
687,0,0,52090.0,52103.0,,,0.00,291.63,276.63,,,5000,11.6422816,48.1633683,11.5237516,48.1325833,10.42
688,0,0,264252.0,264303.0,,,0.00,637.26,626.26,,,5000,11.5234183,48.1324533,11.3948721,48.1611741,52.85
689,0,0,176753.0,176827.0,,,0.00,530.69,550.69,,,4313,11.3947488,48.1614557,11.561115,48.1434,40.98
689,1,0,0.0,0.0,,,0.00,0.00,0.00,2009-05-22 06:21:06,2009-05-22 06:21:06,1,11.5761426,48.111245,11.5761426,48.111245,0.00
689,1,1,8.0,8.0,00:00:02,,0.00,0.00,0.00,2009-05-22 06:22:04,2009-05-22 06:22:06,3,11.5761418,48.1113932,11.5761771,48.1114637,2.78
689,1,2,5906.0,5907.0,00:04:43,,26.04,49.35,25.35,2009-05-22 06:22:08,2009-05-22 06:26:51,284,11.5762465,48.1115207,11.5951778,48.0618013,20.80
689,1,3,5885.0,5886.0,00:04:55,00:00:01,29.19,18.05,40.05,2009-05-22 15:43:10,2009-05-22 15:48:06,297,11.5955483,48.0617447,11.5768153,48.1115142,19.82
689,1,4,234.0,234.0,00:00:31,,11.19,0.19,4.19,2009-05-22 15:48:31,2009-05-22 15:49:02,32,11.5767657,48.1115488,11.5752306,48.1101839,7.32
689,1,5,285.0,285.0,00:01:09,,5.55,1.66,5.66,2009-05-22 15:49:05,2009-05-22 15:50:14,70,11.5750432,48.1102052,11.5729572,48.110181,4.07
68,0,0,111885.0,111939.0,,,0.00,500.36,443.36,,,4837,11.6713369,48.1378245,11.5174371,48.0674577,23.13
68,1,0,24548.0,24549.0,00:29:53,,32.15,54.77,67.77,2014-05-20 13:33:10,2014-05-20 14:03:03,163,11.595925,48.063904,11.362334,48.114544,150.60
690,0,0,111248.0,111305.0,,,0.00,471.98,481.98,,,5000,11.561115,48.1434,11.538439,48.171844,22.25
691,0,0,128684.0,128728.0,,,0.00,408.01,400.01,,,5000,11.538394,48.171642,11.629899,48.155529,25.74
692,0,0,185768.0,185831.0,,,0.00,604.96,608.96,,,5000,11.629914,48.155453,11.505327,48.160362,37.15
693,0,0,183713.0,183757.0,,,0.00,657.48,653.48,,,5000,11.50529,48.160375,11.570513,48.132281,36.74
694,0,0,174339.0,174410.0,,,0.00,617.86,602.86,,,5000,11.570646,48.132382,11.575836,48.111525,34.87
695,0,0,46178.0,46199.0,,,0.00,278.05,292.05,,,5000,11.575836,48.111539,11.561512,48.117151,9.24
696,0,0,242769.0,242886.0,,,0.00,845.87,843.87,,,5000,11.561397,48.117046,11.576921,48.11676,48.55
697,0,0,260081.0,260169.0,,,0.00,778.88,756.88,,,5000,11.576888,48.116546,11.514663,48.10897,52.02
698,0,0,77440.0,77473.0,,,0.00,328.18,313.18,,,5000,11.514825,48.109052,11.49457,48.0992936,15.49
699,0,0,95839.0,95919.0,,,0.00,381.53,395.53,,,5000,11.4947223,48.0993641,11.4854519,48.11069,19.17
69,0,0,71967.0,72013.0,,,0.00,207.40,304.40,,,5000,11.5174642,48.0674092,11.6608189,48.2229482,14.39
6,0,0,18706.0,18709.0,01:17:48,00:21:45,5.36,100.67,135.67,2015-04-19 09:45:05,2015-04-19 11:24:38,5000,11.5544619,48.1275645,11.5802515,48.2315663,3.74
700,0,0,69464.0,69506.0,,,0.00,274.05,328.05,,,5000,11.4854376,48.1106743,11.5229433,48.2229904,13.89
701,0,0,59022.0,59068.0,,,0.00,377.79,283.79,,,5000,11.5238111,48.2232111,11.494757,48.072905,11.80
702,0,0,148394.0,148438.0,,,0.00,409.75,505.75,,,5000,11.4947234,48.0729105,11.615106,48.235743,29.68
703,0,0,7656.0,7658.0,,,0.00,33.46,46.46,,,5000,11.615103,48.23574,11.661274,48.246325,1.53
704,0,0,32952.0,32977.0,,,0.00,108.66,45.66,,,5000,11.661273,48.246325,11.363221,48.128875,6.59
705,0,0,49354.0,49371.0,,,0.00,63.22,85.22,,,5000,11.363219,48.128874,11.502572,48.158167,9.87
706,0,0,6968.0,6970.0,,,0.00,38.78,38.78,,,5000,11.502564,48.158169,11.482938,48.15737,1.39
707,0,0,9050.0,9051.0,,,0.00,40.48,42.48,,,5000,11.482928,48.157364,11.503566,48.157961,1.81
708,0,0,6125.0,6127.0,,,0.00,34.60,27.60,,,5000,11.503566,48.15796,11.489579,48.154298,1.23
709,0,0,46771.0,46790.0,,,0.00,125.06,151.06,,,4800,11.489545,48.154296,11.605553,48.200609,9.74
709,1,0,0.0,0.0,,,0.00,0.00,0.00,2009-05-16 16:12:28,2009-05-16 16:12:28,1,11.6368678,48.0888586,11.6368678,48.0888586,0.00
709,1,1,17.0,17.0,00:00:17,,0.00,0.00,0.00,2009-05-16 16:12:55,2009-05-16 16:13:12,18,11.63681,48.0888459,11.6368807,48.0888039,0.93
709,1,2,3.0,3.0,00:00:02,,0.00,0.00,0.00,2009-05-16 16:13:14,2009-05-16 16:13:16,3,11.636904,48.0887893,11.63693,48.0887747,0.84
709,1,3,0.0,0.0,,,0.00,0.00,0.00,2009-05-16 16:13:28,2009-05-16 16:13:28,1,11.6371233,48.0887836,11.6371233,48.0887836,0.00
709,1,4,1.0,1.0,00:00:01,,0.00,0.00,0.00,2009-05-16 16:13:30,2009-05-16 16:13:31,2,11.6371512,48.0887879,11.6371647,48.0887904,0.52
709,1,5,3.0,3.0,00:00:03,,0.00,0.00,0.00,2009-05-16 16:13:34,2009-05-16 16:13:37,4,11.6372023,48.0887952,11.6372474,48.0887903,0.85
709,1,6,14.0,14.0,00:00:09,,0.00,0.00,0.00,2009-05-16 16:13:40,2009-05-16 16:13:49,10,11.6372786,48.0887798,11.63727,48.0886572,1.40
709,1,7,0.0,0.0,,,0.00,0.00,0.00,2009-05-16 16:13:51,2009-05-16 16:13:51,1,11.6372571,48.0886311,11.6372571,48.0886311,0.00
709,1,8,10.0,10.0,00:00:07,,0.00,0.00,0.00,2009-05-16 16:13:53,2009-05-16 16:14:00,8,11.6372659,48.088613,11.63728,48.0885243,1.24
709,1,9,9.0,9.0,00:00:07,,0.00,0.00,0.00,2009-05-16 16:14:04,2009-05-16 16:14:11,8,11.6373064,48.088481,11.6374081,48.0884364,1.15
709,1,10,63.0,63.0,00:00:50,,1.43,0.00,0.00,2009-05-16 16:14:13,2009-05-16 16:15:03,51,11.6374369,48.0884257,11.6370145,48.0885674,1.24
709,1,11,17.0,17.0,00:00:15,,0.00,0.00,0.00,2009-05-16 16:15:06,2009-05-16 16:15:21,16,11.6369921,48.0885933,11.6367962,48.0886677,1.06
709,1,12,14.0,14.0,00:00:09,,0.00,0.00,0.00,2009-05-16 16:15:23,2009-05-16 16:15:32,10,11.6366453,48.0886814,11.6366204,48.0887816,1.39
709,1,13,0.0,0.0,,,0.00,0.00,0.00,2009-05-16 16:15:35,2009-05-16 16:15:35,1,11.6366227,48.0888056,11.6366227,48.0888056,0.00
709,1,14,0.0,0.0,,,0.00,0.00,0.00,2009-05-16 16:15:43,2009-05-16 16:15:43,1,11.6365868,48.0888642,11.6365868,48.0888642,0.00
709,1,15,3.0,3.0,00:00:03,,0.00,0.00,0.00,2009-05-16 16:15:47,2009-05-16 16:15:50,4,11.6365439,48.0888698,11.6365203,48.0888522,0.67
709,1,16,0.0,0.0,,,0.00,0.00,0.00,2009-05-16 16:16:19,2009-05-16 16:16:19,1,11.6364432,48.0885706,11.6364432,48.0885706,0.00
709,1,17,28.0,28.0,00:00:19,,0.00,0.00,0.00,2009-05-16 16:16:22,2009-05-16 16:16:41,20,11.6364262,48.0885462,11.6360736,48.0884707,1.42
709,1,18,5.0,5.0,00:00:04,,0.00,0.00,0.00,2009-05-16 16:16:43,2009-05-16 16:16:47,5,11.6360376,48.0884702,11.6359822,48.0884884,0.97
709,1,19,1.0,1.0,00:00:01,,0.00,0.00,0.00,2009-05-16 16:16:49,2009-05-16 16:16:50,2,11.6359682,48.0885009,11.6359652,48.0885054,0.27
709,1,20,6.0,6.0,00:00:04,,0.00,0.00,0.00,2009-05-16 16:16:52,2009-05-16 16:16:56,5,11.6359982,48.0884965,11.6360662,48.0884682,1.19
709,1,21,0.0,0.0,,,0.00,0.00,0.00,2009-05-16 16:16:59,2009-05-16 16:16:59,1,11.6361146,48.0884446,11.6361146,48.0884446,0.00
709,1,22,0.0,0.0,,,0.00,0.00,0.00,2009-05-16 16:17:01,2009-05-16 16:17:01,1,11.6361429,48.0884265,11.6361429,48.0884265,0.00
709,1,23,2.0,2.0,00:00:02,,0.00,0.00,0.00,2009-05-16 16:17:05,2009-05-16 16:17:07,3,11.6361999,48.0884001,11.6362282,48.0883892,0.81
709,1,24,1.0,1.0,00:00:01,,0.00,0.00,0.00,2009-05-16 16:17:15,2009-05-16 16:17:16,2,11.6363586,48.0884297,11.636372,48.0884359,0.60
709,1,25,4.0,4.0,00:00:03,,0.00,0.00,0.00,2009-05-16 16:17:19,2009-05-16 16:17:22,4,11.6364105,48.088455,11.6364435,48.0884788,0.90
709,1,26,0.0,0.0,,,0.00,0.00,0.00,2009-05-16 16:17:24,2009-05-16 16:17:24,1,11.6364611,48.0884974,11.6364611,48.0884974,0.00
709,1,27,10.0,10.0,00:00:08,,0.00,0.00,0.00,2009-05-16 16:17:29,2009-05-16 16:17:37,9,11.6364933,48.0885438,11.6365319,48.0886287,1.10
709,1,28,7.0,7.0,00:00:06,,0.00,0.00,0.00,2009-05-16 16:17:39,2009-05-16 16:17:45,7,11.6365429,48.0886513,11.636582,48.0887133,1.07
70,0,0,126840.0,126899.0,,,0.00,321.11,249.11,,,5000,11.6608214,48.2229492,11.3988449,48.1667377,25.37
710,0,0,145438.0,145513.0,,,0.00,513.62,508.62,,,5000,11.605094,48.200661,11.7146517,48.1869016,29.09
711,0,0,135915.0,135981.0,,,0.00,525.59,489.59,,,5000,11.7149839,48.1867529,11.5025794,48.1188499,27.18
712,0,0,24875.0,24878.0,,,0.00,66.73,121.73,,,5000,11.5025809,48.1188937,11.463919,48.22971,4.98
713,0,0,385269.0,385369.0,,,0.00,730.64,663.64,,,4876,11.463919,48.22971,11.676878,48.092178,79.01
713,1,0,0.0,0.0,,,0.00,0.00,0.00,2009-05-10 12:44:34,2009-05-10 12:44:34,1,11.5741912,48.109912,11.5741912,48.109912,0.00
713,1,1,44.0,44.0,00:00:13,,0.00,0.00,0.00,2009-05-10 12:45:08,2009-05-10 12:45:21,14,11.5740736,48.1098502,11.5738659,48.1094973,3.12
713,1,2,318.0,319.0,00:00:59,,7.44,2.69,6.69,2009-05-10 12:45:27,2009-05-10 12:46:26,60,11.5737625,48.1094876,11.5751903,48.1101384,5.30
713,1,3,26.0,26.0,00:00:08,,0.00,4.00,0.00,2009-05-10 12:46:40,2009-05-10 12:46:48,8,11.5752508,48.1101306,11.5752086,48.1099265,3.22
713,1,4,1093.0,1093.0,00:00:40,,28.17,7.86,7.86,2009-05-10 12:52:55,2009-05-10 12:53:35,41,11.5976956,48.0715282,11.595213,48.0618344,26.66
714,0,0,49493.0,49519.0,,,0.00,256.37,305.37,,,5000,11.676878,48.092228,11.660598,48.194909,9.90
715,0,0,169225.0,169302.0,,,0.00,592.53,603.53,,,5000,11.660314,48.193713,11.5376734,48.2298779,33.85
716,0,0,18904.0,18907.0,,,0.00,146.71,87.71,,,5000,11.537644,48.2298369,11.5339967,48.1082545,3.78
717,0,0,18008.0,18012.0,,,0.00,101.18,139.18,,,5000,11.5339831,48.1082099,11.5566414,48.1745638,3.60
718,0,0,33158.0,33184.0,,,0.00,137.49,150.49,,,5000,11.556621,48.174548,11.6182744,48.1995136,6.63
719,0,0,102096.0,102151.0,,,0.00,408.99,408.99,,,2152,11.6180016,48.1989664,11.3988239,48.2249272,47.44
719,1,0,8537.0,8538.0,00:04:11,,40.98,31.76,21.76,2009-04-13 19:03:44,2009-04-13 19:07:55,246,11.36095,48.225977,11.464527,48.206105,34.71
719,1,1,0.0,0.0,,00:00:16,0.00,0.00,0.00,2009-04-13 19:07:56,2009-04-13 19:08:12,17,11.454812,48.204701,11.454812,48.204701,0.00
719,1,2,35045.0,35050.0,00:15:09,,42.20,139.12,65.12,2009-04-13 19:08:13,2009-04-13 19:23:22,559,11.466672,48.209314,11.705984,48.06162,62.69
719,2,0,8510.0,8511.0,00:04:07,,40.50,30.86,22.86,2009-04-23 23:31:11,2009-04-23 23:35:18,248,11.360814,48.225986,11.464268,48.205377,34.32
719,2,1,0.0,0.0,,00:00:18,0.00,0.00,0.00,2009-04-23 23:35:19,2009-04-23 23:35:37,12,11.454598,48.204572,11.454598,48.204572,0.00
719,2,2,34982.0,34987.0,00:15:32,,41.05,146.27,64.27,2009-04-23 23:35:38,2009-04-23 23:51:10,571,11.467581,48.209832,11.706051,48.061709,61.26
719,3,0,8272.0,8273.0,00:06:15,,33.70,36.68,63.68,2009-04-15 17:15:30,2009-04-15 17:21:45,368,11.595556,48.061778,11.546369,48.111658,22.48
719,3,1,0.0,0.0,,00:00:21,0.00,0.00,0.00,2009-04-15 17:21:46,2009-04-15 17:22:07,22,11.553275,48.112274,11.553275,48.112274,0.00
719,3,2,16570.0,16572.0,00:13:01,00:00:35,32.06,100.70,74.70,2009-04-15 17:22:08,2009-04-15 17:35:44,805,11.543784,48.111582,11.360819,48.114065,20.58
71,0,0,4401.0,4407.0,,,0.00,49.32,89.32,,,4347,11.3988399,48.166742,11.4071459,48.1784185,1.01
71,1,0,20800.0,20801.0,00:11:41,,34.58,64.23,70.23,2014-02-15 14:46:52,2014-02-15 14:58:33,653,11.361024,48.22586,11.6203379,48.2245339,31.85
720,0,0,121247.0,121266.0,,,0.00,357.76,286.76,,,5000,11.3987434,48.2250088,11.491207,48.084685,24.25
721,0,0,17196.0,17199.0,,,0.00,65.21,123.21,,,5000,11.491119,48.084704,11.466628,48.191284,3.44
722,0,0,34885.0,34894.0,,,0.00,164.35,141.35,,,5000,11.466629,48.191285,11.457363,48.140886,6.98
723,0,0,143414.0,143475.0,,,0.00,477.67,489.67,,,5000,11.45736,48.14089,11.5720899,48.1239316,28.68
724,0,0,23543.0,23556.0,,,0.00,181.01,163.01,,,5000,11.5721199,48.1239516,11.5996506,48.1202497,4.71
725,0,0,85607.0,85642.0,,,0.00,234.76,277.76,,,5000,11.5996512,48.1202129,11.6119909,48.2086029,17.12
726,0,0,66736.0,66766.0,,,0.00,202.86,151.86,,,5000,11.6118984,48.2085952,11.5311883,48.111925,13.35
727,0,0,220858.0,220979.0,,,0.00,526.38,515.38,,,5000,11.5312066,48.1119283,11.4315409,48.1031507,44.17
728,0,0,129451.0,129505.0,,,0.00,771.34,759.34,,,5000,11.4316762,48.1031831,11.567585,48.077918,25.89
729,0,0,117099.0,117151.0,,,0.00,531.34,539.34,,,5000,11.56749,48.077853,11.5236283,48.0952333,23.42
72,0,0,23016.0,23022.0,00:13:19,,33.37,116.97,30.97,2014-02-15 14:58:34,2014-02-15 15:11:53,338,11.620704,48.224411,11.70635,48.061756,68.10
72,1,0,43808.0,43814.0,00:23:52,,37.24,103.38,182.38,2014-03-02 15:24:01,2014-03-02 15:47:53,882,11.706862,48.061744,11.361114,48.226089,49.67
72,2,0,24414.0,24443.0,,,0.00,286.00,201.00,,,3780,11.5929193,48.1760737,11.4521356,48.0782873,6.46
730,0,0,105104.0,105136.0,,,0.00,425.81,472.81,,,5000,11.5236283,48.0952333,11.528508,48.172723,21.02
731,0,0,116294.0,116386.0,,,0.00,469.66,445.66,,,5000,11.528508,48.172725,11.399542,48.140783,23.26
732,0,0,82570.0,82601.0,,,0.00,329.64,345.64,,,5000,11.399493,48.140861,11.5773153,48.1616973,16.51
733,0,0,140699.0,140801.0,,,0.00,482.38,447.38,,,5000,11.5772638,48.1615028,11.540683,48.069573,28.14
734,0,0,22821.0,22854.0,,,0.00,258.85,233.85,,,5000,11.540702,48.069556,11.417024,48.075054,4.56
735,0,0,81267.0,81305.0,,,0.00,264.18,350.18,,,5000,11.417027,48.075054,11.400376,48.2466909,16.25
736,0,0,224672.0,224779.0,,,0.00,692.53,669.53,,,5000,11.4003034,48.2466525,11.3872921,48.1786808,44.93
737,0,0,222342.0,222391.0,,,0.00,512.18,463.18,,,4151,11.3872007,48.178605,11.3856952,48.0715136,53.56
737,1,0,19359.0,19361.0,00:16:55,00:01:52,30.01,83.05,114.05,2009-04-09 14:17:47,2009-04-09 14:36:34,849,11.474116,48.06182,11.36085,48.114098,22.80
738,0,0,51111.0,51122.0,,,0.00,284.92,282.92,,,5000,11.3856648,48.0714752,11.4911949,48.0846323,10.22
739,0,0,98035.0,98103.0,,,0.00,330.78,374.78,,,5000,11.491804,48.0845227,11.5405433,48.1598383,19.61
73,0,0,114230.0,114272.0,,,0.00,236.09,322.09,,,4918,11.4521356,48.0782873,11.5140225,48.1865378,23.23
73,1,0,7743.0,7744.0,00:11:46,00:01:49,23.42,2.69,31.69,2014-04-22 06:36:22,2014-04-22 06:49:57,62,11.6122537,48.062271,11.6046322,48.127223,124.89
73,2,0,63.0,63.0,00:01:22,00:00:27,0.00,0.00,2.00,2014-03-15 14:15:58,2014-03-15 14:17:47,5,11.5296641,48.1565191,11.530214,48.1562488,12.63
73,2,1,15680.0,15680.0,00:02:03,,0.00,0.34,34.34,2014-04-12 10:53:26,2014-04-12 10:55:29,15,11.716934,48.1658065,11.5491413,48.2468823,1045.30
740,0,0,1560.0,1561.0,,,0.00,10.89,8.89,,,5000,11.5405433,48.1598383,11.538495,48.1589916,0.31
741,0,0,906.0,906.0,,,0.00,4.72,6.72,,,5000,11.538495,48.1589916,11.5404783,48.1596183,0.18
742,0,0,4824.0,4825.0,,,0.00,26.47,30.47,,,5000,11.5404783,48.1596183,11.5846016,48.1385966,0.96
743,0,0,142093.0,142136.0,,,0.00,602.20,600.20,,,3388,11.5846016,48.1385966,11.657679,48.149904,41.94
743,1,0,23958.0,23961.0,00:22:27,00:05:14,31.61,131.93,101.93,2009-04-01 21:18:48,2009-04-01 21:46:29,1225,11.360959,48.225934,11.551863,48.112216,19.56
743,1,1,0.0,0.0,,,0.00,0.00,0.00,2009-04-01 21:46:30,2009-04-01 21:46:30,1,11.545405,48.111857,11.545405,48.111857,0.00
743,1,2,7596.0,7597.0,00:06:31,,24.28,70.14,38.14,2009-04-01 21:46:39,2009-04-01 21:53:10,386,11.554994,48.112254,11.595179,48.06175,19.68
744,0,0,67445.0,67465.0,,,0.00,244.82,239.82,,,5000,11.657881,48.149743,11.5585953,48.1490002,13.49
745,0,0,237742.0,237825.0,,,0.00,784.92,780.92,,,5000,11.5586301,48.1488848,11.631756,48.121324,47.55
746,0,0,299246.0,299365.0,,,0.00,848.59,895.59,,,5000,11.631845,48.121271,11.6398216,48.2423082,59.85
747,0,0,431295.0,431381.0,,,0.00,843.52,800.52,,,4196,11.6397144,48.2420965,11.490515,48.1520983,102.79
747,1,0,35789.0,35794.0,00:15:43,,41.92,83.16,150.16,2009-03-15 22:07:02,2009-03-15 22:22:45,593,11.706603,48.06166,11.45748,48.207743,60.35
747,1,1,0.0,0.0,,,0.00,0.00,0.00,2009-03-15 22:22:46,2009-03-15 22:22:46,1,11.465609,48.209423,11.465609,48.209423,0.00
747,1,2,7611.0,7611.0,00:03:38,,39.74,21.63,24.63,2009-03-15 22:23:02,2009-03-15 22:26:40,210,11.45257,48.204602,11.360886,48.226215,36.24
748,0,0,82438.0,82482.0,,,0.00,290.44,289.44,,,5000,11.49048,48.1521133,11.5756039,48.1333262,16.49
749,0,0,69754.0,69783.0,,,0.00,217.20,199.20,,,5000,11.5756231,48.1333258,11.5314733,48.1121616,13.95
74,0,0,4950.0,4968.0,,,0.00,28.37,28.37,,,5000,11.5140225,48.1865378,11.5120394,48.1851289,0.99
750,0,0,292472.0,292548.0,,,0.00,479.72,478.72,,,5000,11.53148,48.1121516,11.6160893,48.0903125,58.49
751,0,0,171082.0,171142.0,,,0.00,473.46,532.46,,,5000,11.6160464,48.0904734,11.535838,48.240784,34.22
752,0,0,182644.0,182688.0,,,0.00,557.62,505.62,,,5000,11.535602,48.241138,11.5881976,48.1172763,36.53
753,0,0,60449.0,60458.0,,,0.00,281.85,301.85,,,5000,11.588198,48.1172767,11.4083104,48.1755709,12.09
754,0,0,272295.0,272336.0,,,0.00,759.05,743.05,,,5000,11.4083424,48.1754727,11.542853,48.12092,54.46
755,0,0,66.0,66.0,,,0.00,0.00,0.00,,,5000,11.542852,48.120922,11.543163,48.120768,0.01
756,0,0,107531.0,107584.0,,,0.00,268.31,268.31,,,5000,11.543163,48.120768,11.6879461,48.1206474,21.51
757,0,0,56703.0,56711.0,,,0.00,217.88,204.88,,,5000,11.687485,48.1207491,11.51943,48.12225,11.34
758,0,0,154349.0,154387.0,,,0.00,471.65,494.65,,,5000,11.519455,48.122305,11.5338582,48.1527442,30.87
759,0,0,155979.0,156027.0,,,0.00,615.17,602.17,,,5000,11.5339803,48.1526985,11.549592,48.146163,31.20
75,0,0,5155.0,5171.0,,,0.00,30.79,20.79,,,5000,11.5120394,48.1851289,11.5070095,48.1639558,1.03
760,0,0,55272.0,55282.0,,,0.00,237.90,244.90,,,5000,11.549458,48.146172,11.5977922,48.1322976,11.05
761,0,0,174462.0,174491.0,,,0.00,423.30,427.30,,,5000,11.5978617,48.132226,11.5343566,48.141173,34.89
762,0,0,167221.0,167264.0,,,0.00,414.16,396.16,,,5000,11.5343459,48.1411157,11.649978,48.106589,33.44
763,0,0,447558.0,447606.0,,,0.00,685.84,686.84,,,4492,11.649992,48.106704,11.609136,48.121266,99.63
763,1,0,12351.0,12352.0,00:08:45,,29.30,56.08,70.08,2009-01-18 22:11:20,2009-01-18 22:20:05,508,11.360873,48.113917,11.515995,48.123908,24.31
764,0,0,4194.0,4195.0,00:05:23,,18.07,28.39,37.39,2009-01-18 22:20:06,2009-01-18 22:25:29,272,11.51624,48.123868,11.550671,48.113158,15.42
764,0,1,0.0,0.0,,,0.00,0.00,0.00,2009-01-18 22:25:30,2009-01-18 22:25:30,1,11.544668,48.11185,11.544668,48.11185,0.00
764,0,2,7691.0,7692.0,00:06:50,,23.73,70.52,35.52,2009-01-18 22:25:43,2009-01-18 22:32:33,399,11.554465,48.112311,11.595199,48.061641,19.27
764,1,0,35750.0,35755.0,00:15:36,,42.12,78.13,145.13,2009-02-15 19:23:15,2009-02-15 19:38:51,587,11.706617,48.061647,11.457499,48.207788,60.90
764,1,1,0.0,0.0,,,0.00,0.00,0.00,2009-02-15 19:38:52,2009-02-15 19:38:52,1,11.465689,48.209375,11.465689,48.209375,0.00
764,1,2,7675.0,7675.0,00:03:36,,40.24,21.46,22.46,2009-02-15 19:39:11,2009-02-15 19:42:47,212,11.453427,48.204695,11.360896,48.226254,36.20
764,2,0,69031.0,69066.0,,,0.00,198.62,179.62,,,3528,11.4710634,48.148343,11.658752,48.082881,19.57
765,0,0,4083.0,4083.0,,,0.00,0.22,0.22,,,5000,11.658757,48.082876,11.658623,48.082834,0.82
766,0,0,7327.0,7328.0,,,0.00,12.86,17.86,,,5000,11.658633,48.082833,11.65113,48.093564,1.47
767,0,0,25255.0,25277.0,,,0.00,104.23,137.23,,,5000,11.651128,48.093565,11.60176,48.159633,5.05
768,0,0,57354.0,57379.0,,,0.00,259.23,256.23,,,5000,11.60176,48.159633,11.603665,48.164568,11.47
769,0,0,106434.0,106455.0,,,0.00,267.02,288.02,,,5000,11.603722,48.164578,11.6905394,48.2178529,21.29
76,0,0,29682.0,29751.0,,,0.00,109.52,73.52,,,5000,11.5070095,48.1639558,11.4121179,48.0973402,5.94
770,0,0,208496.0,208537.0,,,0.00,597.53,504.53,,,5000,11.6904944,48.217997,11.4476299,48.0862925,41.70
771,0,0,62196.0,62235.0,,,0.00,230.92,280.92,,,5000,11.4474541,48.0863383,11.5192866,48.1300466,12.44
772,0,0,200701.0,200767.0,,,0.00,489.96,516.96,,,5000,11.51929,48.1300616,11.4768696,48.2068256,40.14
773,0,0,30232.0,30260.0,,,0.00,104.17,78.17,,,5000,11.4769048,48.2068224,11.5135433,48.13285,6.05
774,0,0,419422.0,419456.0,,,0.00,790.86,791.86,,,5000,11.51356,48.13285,11.395139,48.142321,83.88
775,0,0,202218.0,202267.0,,,0.00,452.87,462.87,,,5000,11.394984,48.142658,11.6302066,48.1568566,40.44
776,0,0,161835.0,161929.0,,,0.00,453.30,479.30,,,5000,11.6301966,48.1568533,11.5615787,48.2199935,32.37
777,0,0,233628.0,233655.0,,,0.00,497.38,480.38,,,5000,11.5616016,48.2199935,11.6054816,48.156845,46.73
778,0,0,73140.0,73169.0,,,0.00,265.44,271.44,,,5000,11.6052966,48.156925,11.58508,48.184628,14.63
779,0,0,121187.0,121264.0,,,0.00,365.09,324.09,,,5000,11.585072,48.184632,11.458474,48.122014,24.24
77,0,0,8817.0,8822.0,,,0.00,123.82,82.82,,,4779,11.412104,48.0973288,11.4991685,48.0616117,1.84
77,1,0,780.0,780.0,00:03:40,,4.66,0.59,3.59,2014-04-13 11:05:22,2014-04-13 11:09:02,221,11.5586081,48.2456152,11.566846,48.2426819,3.53
780,0,0,33443.0,33464.0,,,0.00,100.78,109.78,,,5000,11.458484,48.122041,11.6056983,48.12923,6.69
781,0,0,278591.0,278639.0,,,0.00,546.93,557.93,,,5000,11.6056883,48.1292233,11.7126981,48.1386563,55.72
782,0,0,45942.0,45982.0,,,0.00,97.44,107.44,,,5000,11.7126981,48.1386563,11.5744772,48.1280555,9.19
783,0,0,401567.0,401600.0,,,0.00,632.54,657.54,,,5000,11.5744962,48.1280517,11.52919,48.21728,80.31
784,0,0,751505.0,751540.0,,,0.00,1132.82,1119.82,,,5000,11.53032,48.21854,11.50891,48.1817,150.30
785,0,0,376695.0,376736.0,,,0.00,780.76,796.76,,,5000,11.50886,48.18157,11.527589,48.224203,75.34
786,0,0,177527.0,177558.0,,,0.00,373.40,341.40,,,5000,11.522782,48.223101,11.5139989,48.1461639,35.51
787,0,0,76303.0,76353.0,,,0.00,276.46,260.46,,,5000,11.5140008,48.1461448,11.6826939,48.1061911,15.26
788,0,0,77153.0,77191.0,,,0.00,109.27,137.27,,,5000,11.6827154,48.1061697,11.7221088,48.1719932,15.43
789,0,0,107872.0,107922.0,,,0.00,402.86,369.86,,,5000,11.7220506,48.1719818,11.5321149,48.110305,21.57
78,0,0,20867.0,20870.0,01:18:53,00:16:53,5.24,121.62,118.62,2014-04-13 11:09:03,2014-04-13 12:44:49,4737,11.5668823,48.2426553,11.5584309,48.2457626,4.41
78,1,0,4312.0,4315.0,,,0.00,52.52,45.52,,,263,11.5474825,48.1791909,11.5584318,48.170939,16.40
790,0,0,289495.0,289561.0,,,0.00,659.65,679.65,,,5000,11.5323366,48.1103316,11.5662443,48.1344331,57.90
791,0,0,1007054.0,1007145.0,,,0.00,1184.68,1214.68,,,5000,11.5662378,48.1343523,11.395453,48.222226,201.41
792,0,0,358367.0,358490.0,,,0.00,746.07,731.07,,,4123,11.395573,48.222224,11.6314483,48.180615,86.92
792,1,0,8348.0,8348.0,00:04:32,,38.52,26.78,22.78,2008-12-26 19:05:04,2008-12-26 19:09:36,268,11.360975,48.225868,11.462208,48.205488,31.15
792,1,1,0.0,0.0,,,0.00,0.00,0.00,2008-12-26 19:09:37,2008-12-26 19:09:37,1,11.454552,48.204658,11.454552,48.204658,0.00
792,1,2,35013.0,35018.0,00:16:15,,40.36,148.24,64.24,2008-12-26 19:10:00,2008-12-26 19:26:15,608,11.466624,48.20928,11.706522,48.061856,57.59
793,0,0,219542.0,219587.0,,,0.00,441.43,445.43,,,5000,11.63117,48.1795,11.597178,48.166923,43.91
794,0,0,150450.0,150559.0,,,0.00,562.67,550.67,,,5000,11.59625,48.16563,11.566707,48.106432,30.09
795,0,0,114750.0,114789.0,,,0.00,423.01,413.01,,,5000,11.56669,48.106412,11.583405,48.119274,22.95
796,0,0,218545.0,218596.0,,,0.00,407.46,393.46,,,5000,11.583595,48.119324,11.422421,48.106633,43.71
797,0,0,157305.0,157365.0,,,0.00,216.55,261.55,,,5000,11.422428,48.106635,11.5225353,48.1918678,31.46
798,0,0,94773.0,94805.0,,,0.00,306.05,266.05,,,5000,11.5223131,48.1919136,11.596236,48.102605,18.95
799,0,0,168702.0,168733.0,,,0.00,562.26,529.26,,,5000,11.596043,48.102557,11.480081,48.068588,33.74
79,0,0,169906.0,169946.0,,,0.00,506.46,498.46,,,3172,11.5584729,48.1710258,11.570684,48.130378,53.56
79,1,0,34911.0,34913.0,00:49:10,00:01:05,32.20,35.48,117.48,2013-09-04 15:24:54,2013-09-04 16:15:09,174,11.707428,48.062048,11.465122,48.20916,200.64
79,1,1,7476.0,7476.0,00:03:51,,0.00,3.01,5.01,2013-09-04 16:16:00,2013-09-04 16:19:51,19,11.452852,48.204638,11.362389,48.225307,393.49
79,2,0,4231.0,4233.0,00:26:52,00:00:22,3.44,40.83,41.83,2014-04-01 16:51:27,2014-04-01 17:18:41,1635,11.5350729,48.1260101,11.5162896,48.1212574,2.59
7,0,0,18355.0,18358.0,01:23:16,01:33:03,4.93,105.44,95.44,2015-04-19 11:24:39,2015-04-19 14:20:58,5000,11.5802722,48.2315427,11.5846393,48.1983037,3.67
800,0,0,391967.0,392028.0,,,0.00,947.91,972.91,,,5000,11.480316,48.068853,11.370787,48.116909,78.39
801,0,0,135839.0,135871.0,,,0.00,373.86,375.86,,,5000,11.370485,48.116855,11.626175,48.082193,27.17
802,0,0,272576.0,272647.0,,,0.00,507.29,560.29,,,5000,11.626183,48.082215,11.631227,48.18336,54.52
803,0,0,285804.0,285861.0,,,0.00,606.00,573.00,,,5000,11.631085,48.183413,11.6997528,48.1332921,57.16
804,0,0,97731.0,97748.0,,,0.00,293.11,242.11,,,5000,11.6997528,48.1332921,11.483309,48.072668,19.55
805,0,0,151385.0,151412.0,,,0.00,331.47,410.47,,,5000,11.483071,48.072407,11.5535298,48.2016884,30.28
806,0,0,287432.0,287464.0,,,0.00,604.25,577.25,,,5000,11.5535298,48.2017434,11.535211,48.145621,57.49
807,0,0,258387.0,258450.0,,,0.00,622.73,638.73,,,5000,11.535044,48.145303,11.488923,48.175934,51.68
808,0,0,214238.0,214372.0,,,0.00,676.65,672.65,,,5000,11.488816,48.175534,11.420872,48.171436,42.85
809,0,0,386262.0,386318.0,,,0.00,851.98,820.98,,,5000,11.419832,48.170711,11.677072,48.0964708,77.25
80,0,0,2572.0,2572.0,00:17:52,00:00:19,3.26,18.92,20.92,2014-04-01 17:18:42,2014-04-01 17:36:53,1091,11.5162714,48.1212575,11.5363342,48.1250403,2.36
80,1,0,11321.0,11322.0,,,0.00,62.45,62.45,,,1975,11.65881,48.0768233,11.6587033,48.078645,5.73
80,2,0,7644.0,7646.0,00:28:49,00:01:06,6.15,30.99,61.99,2014-03-30 17:49:31,2014-03-30 18:19:26,1794,11.4726372,48.0616177,11.5321503,48.1002896,4.26
80,3,0,321.0,321.0,00:01:49,00:00:30,4.16,4.68,0.68,2014-03-30 11:29:50,2014-03-30 11:32:09,140,11.5320845,48.1000364,11.5287801,48.0991347,2.29
810,0,0,71543.0,71557.0,,,0.00,162.99,213.99,,,5000,11.677072,48.0965137,11.4636183,48.209015,14.31
811,0,0,69167.0,69204.0,,,0.00,257.81,215.81,,,5000,11.4636183,48.209015,11.61735,48.131046,13.83
812,0,0,117890.0,117938.0,,,0.00,314.81,345.81,,,5000,11.61735,48.131046,11.5595564,48.1864601,23.58
813,0,0,40355.0,40360.0,,,0.00,173.49,177.49,,,5000,11.5597233,48.1864744,11.61218,48.1857952,8.07
814,0,0,145437.0,145452.0,,,0.00,373.00,376.00,,,5000,11.6120512,48.1858048,11.578907,48.2008972,29.09
815,0,0,432775.0,432850.0,,,0.00,1065.18,1021.18,,,5000,11.5784902,48.2009506,11.5831079,48.1029813,86.56
816,0,0,94088.0,94147.0,,,0.00,368.84,424.84,,,5000,11.583305,48.1026463,11.530142,48.227308,18.82
817,0,0,164066.0,164093.0,,,0.00,432.10,396.10,,,5000,11.530072,48.227313,11.639606,48.13335,32.81
818,0,0,361173.0,361276.0,,,0.00,575.85,582.85,,,5000,11.637785,48.133524,11.6421014,48.1586178,72.23
819,0,0,23985.0,24008.0,,,0.00,73.62,71.62,,,5000,11.642077,48.1586198,11.6455697,48.1693175,4.80
81,0,0,7031.0,7031.0,00:28:14,00:00:05,5.16,52.71,25.71,2014-03-30 11:32:10,2014-03-30 12:00:29,1700,11.5287605,48.0991201,11.4726203,48.0616398,4.14
81,1,0,14014.0,14016.0,00:54:22,05:50:10,6.10,81.62,80.62,2014-03-30 11:30:02,2014-03-30 18:14:34,3300,11.532046,48.099999,11.52318,48.0962782,4.25
820,0,0,5901.0,5903.0,,,0.00,21.43,32.43,,,5000,11.6456033,48.1693338,11.6352968,48.176835,1.18
821,0,0,71980.0,72007.0,,,0.00,124.45,113.45,,,5000,11.6353006,48.176825,11.5861093,48.143434,14.40
822,0,0,32324.0,32331.0,,,0.00,219.71,226.71,,,5000,11.5862287,48.1434222,11.6312709,48.166924,6.46
823,0,0,49174.0,49202.0,,,0.00,224.19,176.19,,,5000,11.6312845,48.1669313,11.41035,48.100298,9.83
824,0,0,100942.0,100968.0,,,0.00,424.16,479.16,,,5000,11.41035,48.100298,11.599103,48.1490707,20.19
825,0,0,372174.0,372278.0,,,0.00,985.36,938.36,,,5000,11.5993729,48.1489754,11.7100712,48.0715342,74.43
826,0,0,97356.0,97371.0,,,0.00,321.92,352.92,,,5000,11.7098201,48.0713631,11.4928648,48.1362688,19.47
827,0,0,77722.0,77748.0,,,0.00,206.26,200.26,,,5000,11.4927424,48.136272,11.6906333,48.1119847,15.54
828,0,0,6722.0,6731.0,,,0.00,42.70,41.70,,,5000,11.6906333,48.1119633,11.6929722,48.1088948,1.34
829,0,0,103203.0,103248.0,,,0.00,318.16,339.16,,,5000,11.6929936,48.1088948,11.551195,48.140882,20.64
82,0,0,977.0,977.0,00:04:24,,5.00,3.55,6.55,2014-03-30 18:14:35,2014-03-30 18:18:59,265,11.5231935,48.0962882,11.532239,48.1000425,3.69
82,1,0,7460.0,7465.0,,,0.00,110.04,60.04,,,4366,11.4136843,48.0986884,11.4458875,48.0616033,1.71
82,2,0,2672.0,2672.0,00:01:35,,0.00,11.00,0.00,2013-08-31 08:55:33,2013-08-31 08:57:08,19,11.6982555,48.2474556,11.6783399,48.2274665,140.63
82,2,1,0.0,0.0,,00:01:35,0.00,0.00,0.00,2013-08-31 08:57:24,2013-08-31 08:58:59,24,11.6803216,48.2297744,11.6803216,48.2297744,0.00
82,2,2,3180.0,3180.0,00:01:44,,32.71,13.11,4.11,2013-08-31 08:59:03,2013-08-31 09:00:47,38,11.6754083,48.2144088,11.647993,48.1924552,83.68
82,2,3,20678.0,20679.0,00:23:59,00:17:06,28.06,63.33,47.33,2013-08-31 09:00:48,2013-08-31 09:41:53,288,11.6553888,48.1983299,11.5543298,48.1399917,71.80
830,0,0,63068.0,63076.0,,,0.00,241.10,212.10,,,5000,11.551055,48.140902,11.4739835,48.1109879,12.61
831,0,0,127538.0,127581.0,,,0.00,347.94,395.94,,,5000,11.4739893,48.1109575,11.57271,48.204966,25.51
832,0,0,149352.0,149384.0,,,0.00,560.39,561.39,,,5000,11.572815,48.204809,11.601026,48.206596,29.87
833,0,0,169615.0,169657.0,,,0.00,559.96,555.96,,,5000,11.601032,48.206594,11.4586266,48.1971149,33.92
834,0,0,263918.0,264013.0,,,0.00,745.87,721.87,,,5000,11.4585566,48.1971116,11.3859722,48.1631354,52.78
835,0,0,49038.0,49048.0,,,0.00,232.39,224.39,,,5000,11.385851,48.1632918,11.6029752,48.1274844,9.81
836,0,0,33899.0,33904.0,,,0.00,205.11,219.11,,,5000,11.603036,48.1275242,11.5613293,48.1414216,6.78
837,0,0,104454.0,104487.0,,,0.00,344.47,323.47,,,5000,11.5613479,48.1414863,11.6484565,48.0984879,20.89
838,0,0,134536.0,134561.0,,,0.00,342.33,373.33,,,5000,11.648429,48.0984874,11.474727,48.174786,26.91
839,0,0,156856.0,156945.0,,,0.00,459.49,435.49,,,5000,11.474509,48.175392,11.706802,48.116604,31.37
83,0,0,6261.0,6264.0,01:08:39,00:15:54,2.93,62.46,57.46,2013-08-31 09:42:06,2013-08-31 11:06:39,664,11.5548086,48.1401023,11.5592279,48.1397666,9.43
83,0,1,15777.0,15779.0,00:31:17,00:03:06,23.61,28.84,41.84,2013-08-31 11:07:09,2013-08-31 11:41:32,318,11.5592613,48.1398162,11.3871879,48.1878891,49.61
83,0,2,0.0,0.0,,,0.00,0.00,0.00,2013-08-31 11:42:03,2013-08-31 11:42:03,1,11.3871879,48.1878891,11.3871879,48.1878891,0.00
83,0,3,766.0,766.0,00:00:16,,0.00,0.86,1.86,2013-08-31 11:42:11,2013-08-31 11:42:27,5,11.3691511,48.1976203,11.3609523,48.201828,153.29
83,0,4,10129.0,10129.0,00:09:49,00:11:26,23.99,9.24,35.24,2013-09-14 06:16:04,2013-09-14 06:37:19,134,11.6065921,48.1281623,11.6486644,48.1929206,75.59
83,0,5,4636.0,4636.0,00:01:43,00:01:12,33.55,1.44,13.44,2013-09-14 06:37:21,2013-09-14 06:40:16,48,11.6460743,48.1887321,11.6794328,48.2233543,96.59
83,0,6,0.0,0.0,,00:00:28,0.00,0.00,0.00,2013-09-14 06:40:17,2013-09-14 06:40:45,5,11.6766958,48.2162284,11.6766958,48.2162284,0.00
83,0,7,2601.0,2602.0,00:02:02,00:00:23,33.49,0.28,10.28,2013-09-14 06:41:06,2013-09-14 06:43:31,26,11.6796522,48.2263793,11.6963634,48.2457809,100.06
83,1,0,76435.0,76488.0,,,0.00,409.31,404.31,,,3799,11.6970229,48.2298258,11.6729176,48.2155536,20.12
840,0,0,139769.0,139834.0,,,0.00,426.48,420.48,,,5000,11.706336,48.116699,11.5852786,48.1105561,27.95
841,0,0,23519.0,23524.0,,,0.00,159.80,165.80,,,5000,11.5851734,48.1105939,11.6076701,48.138484,4.70
842,0,0,34894.0,34902.0,,,0.00,251.41,246.41,,,5000,11.6076613,48.1385,11.5805496,48.1117312,6.98
843,0,0,204929.0,205003.0,,,0.00,644.07,600.07,,,4851,11.5805496,48.1117408,11.4733883,48.0618233,42.24
843,1,0,27609.0,27610.0,00:15:36,,40.61,15.22,99.22,2006-09-25 13:07:31,2006-09-25 13:23:07,64,11.7070121,48.0619385,11.5829349,48.2474671,431.40
843,2,0,28622.0,28625.0,00:17:39,00:00:35,34.19,98.46,15.46,2006-09-19 14:09:11,2006-09-19 14:27:25,85,11.602066,48.247767,11.7095906,48.0632198,336.73
844,0,0,110323.0,110336.0,,,0.00,326.18,405.18,,,5000,11.473135,48.061615,11.5030767,48.1929717,22.06
845,0,0,29265.0,29269.0,,,0.00,59.27,46.27,,,518,11.502855,48.1929783,11.5627346,48.1682548,56.50
845,1,0,15868.0,15871.0,00:21:56,00:15:28,14.76,76.32,87.32,2008-09-22 07:43:49,2008-09-22 08:21:13,4482,11.6349002,48.1694581,11.5528403,48.186719,3.54
846,0,0,44643.0,44657.0,,,0.00,213.20,199.20,,,5000,11.5627384,48.1682816,11.434018,48.144349,8.93
847,0,0,118034.0,118078.0,,,0.00,507.90,482.90,,,5000,11.43395,48.144347,11.597755,48.0766067,23.61
848,0,0,60521.0,60600.0,,,0.00,245.11,273.11,,,5000,11.59778,48.07641,11.5676966,48.1241349,12.10
849,0,0,80053.0,80185.0,,,0.00,312.41,323.41,,,5000,11.5676966,48.1241349,11.5334433,48.1693349,16.01
84,0,0,45125.0,45146.0,,,0.00,174.67,150.67,,,5000,11.6730014,48.2155441,11.402568,48.174523,9.02
850,0,0,34003.0,34088.0,,,0.00,212.12,168.12,,,5000,11.5336483,48.1691966,11.5689999,48.0789466,6.80
851,0,0,4599.0,4637.0,,,0.00,58.21,50.21,,,5000,11.5689999,48.0789466,11.5816033,48.0698816,0.92
852,0,0,28341.0,28391.0,,,0.00,160.78,204.78,,,5000,11.5816233,48.0698733,11.536688,48.148886,5.67
853,0,0,37761.0,37772.0,,,0.00,243.85,242.85,,,5000,11.536673,48.148743,11.706602,48.142144,7.55
854,0,0,77898.0,77918.0,,,0.00,351.06,345.06,,,5000,11.70706,48.142128,11.5912628,48.1309962,15.58
855,0,0,18375.0,18392.0,,,0.00,114.64,105.64,,,5000,11.5912843,48.1309748,11.6787887,48.1102896,3.67
856,0,0,211350.0,211439.0,,,0.00,433.96,468.96,,,5000,11.6787887,48.1102896,11.603296,48.18394,42.27
857,0,0,229490.0,229601.0,,,0.00,531.95,498.95,,,5000,11.603021,48.183877,11.5031215,48.1257583,45.90
858,0,0,28669.0,28673.0,,,0.00,158.06,138.06,,,5000,11.5031201,48.1257563,11.5021784,48.105296,5.73
859,0,0,135241.0,135307.0,,,0.00,361.29,399.29,,,5000,11.5021984,48.1054304,11.5760317,48.1601844,27.05
85,0,0,53008.0,53037.0,,,0.00,200.08,180.08,,,4728,11.4025659,48.1745271,11.3941309,48.1662241,11.21
85,1,0,3113.0,3114.0,00:40:56,02:00:20,1.76,11.10,12.10,2014-03-09 14:05:31,2014-03-09 16:46:47,272,11.7209896,48.175738,11.7209463,48.1758426,11.45
860,0,0,33762.0,33778.0,,,0.00,193.06,161.06,,,5000,11.5760351,48.1601829,11.528384,48.097552,6.75
861,0,0,27834.0,27850.0,,,0.00,149.80,181.80,,,5000,11.5283616,48.097488,11.5738456,48.1332864,5.57
862,0,0,37628.0,37661.0,,,0.00,174.30,174.30,,,5000,11.5738192,48.1333088,11.574296,48.1605696,7.53
863,0,0,43243.0,43289.0,,,0.00,231.66,194.66,,,5000,11.5743576,48.1605568,11.502316,48.097428,8.65
864,0,0,338846.0,338909.0,,,0.00,880.81,909.81,,,5000,11.502348,48.097399,11.558846,48.100524,67.77
865,0,0,334635.0,334720.0,,,0.00,863.08,892.08,,,5000,11.558825,48.100482,11.4609767,48.2102796,66.93
866,0,0,358784.0,358850.0,,,0.00,902.37,888.37,,,5000,11.461093,48.2100106,11.567221,48.176525,71.76
867,0,0,88631.0,88697.0,,,0.00,260.83,231.83,,,5000,11.567694,48.176655,11.53201,48.119374,17.73
868,0,0,68840.0,68852.0,,,0.00,274.73,275.73,,,5000,11.53201,48.119374,11.534455,48.120431,13.77
869,0,0,914.0,915.0,,,0.00,3.44,2.44,,,5000,11.534363,48.120447,11.53233,48.119295,0.18
86,0,0,140083.0,140185.0,,,0.00,543.36,549.36,,,5000,11.3940435,48.1662098,11.5469622,48.0860049,28.02
870,0,0,9087.0,9089.0,,,0.00,46.51,46.51,,,5000,11.53233,48.119295,11.53197,48.119342,1.82
871,0,0,166089.0,166199.0,,,0.00,561.24,543.24,,,5000,11.53197,48.119342,11.4973,48.1001383,33.22
872,0,0,39791.0,39804.0,,,0.00,165.74,228.74,,,5000,11.497525,48.1002567,11.63758,48.194455,7.96
873,0,0,69300.0,69317.0,,,0.00,181.80,143.80,,,5000,11.63762,48.1945117,11.544339,48.126161,13.86
874,0,0,44830.0,44859.0,,,0.00,223.00,239.00,,,5000,11.544321,48.126207,11.5157523,48.1678537,8.97
875,0,0,188376.0,188433.0,,,0.00,551.21,529.21,,,5000,11.5158186,48.1678394,11.57388,48.109645,37.68
876,0,0,68240.0,68277.0,,,0.00,293.83,303.83,,,5000,11.57388,48.109645,11.695685,48.1405883,13.65
877,0,0,139158.0,139230.0,,,0.00,530.03,512.03,,,5000,11.6955733,48.140595,11.522251,48.106706,27.83
878,0,0,60545.0,60577.0,,,0.00,361.08,385.08,,,5000,11.522314,48.106739,11.65711,48.139089,12.11
879,0,0,171353.0,171372.0,,,0.00,489.52,443.52,,,5000,11.657556,48.138905,11.381955,48.0659933,34.27
87,0,0,19177.0,19194.0,,,0.00,145.49,134.49,,,5000,11.5469507,48.0859898,11.496845,48.1165676,3.84
880,0,0,151499.0,151583.0,,,0.00,409.62,393.62,,,4638,11.3819667,48.0659917,11.47337,48.0616983,32.66
880,1,0,500.0,500.0,00:05:50,00:00:11,1.88,2.39,3.39,2008-09-05 22:33:30,2008-09-05 22:39:31,362,11.6364933,48.1680421,11.640617,48.167307,1.38
881,0,0,2735.0,2736.0,00:35:44,00:03:04,1.85,24.33,20.33,2008-09-05 22:39:32,2008-09-05 23:18:20,2329,11.640637,48.1673092,11.6348357,48.1665269,1.17
881,1,0,21013.0,21030.0,,,0.00,83.40,84.40,,,2671,11.4881067,48.102875,11.488975,48.10279,7.87
882,0,0,184401.0,184445.0,,,0.00,374.60,441.60,,,5000,11.488975,48.10279,11.701395,48.22625,36.88
883,0,0,113917.0,113951.0,,,0.00,496.78,444.78,,,5000,11.701355,48.226252,11.5026233,48.1213567,22.78
884,0,0,188010.0,188050.0,,,0.00,649.41,632.41,,,5000,11.502625,48.1214983,11.4931933,48.0980567,37.60
885,0,0,112326.0,112357.0,,,0.00,484.58,521.58,,,5000,11.4933983,48.0981533,11.560964,48.108602,22.47
886,0,0,66636.0,66654.0,,,0.00,326.94,298.94,,,5000,11.560985,48.108646,11.476427,48.115582,13.33
887,0,0,22709.0,22722.0,,,0.00,107.47,109.47,,,5000,11.476318,48.11555,11.468527,48.117592,4.54
888,0,0,104060.0,104079.0,,,0.00,310.40,304.40,,,5000,11.46851,48.117593,11.4306633,48.1036517,20.81
889,0,0,195132.0,195183.0,,,0.00,741.46,763.46,,,5000,11.4303583,48.1037583,11.3939067,48.1477367,39.03
88,0,0,4474.0,4474.0,,,0.00,25.53,18.53,,,1064,11.4969317,48.1165534,11.5347571,48.1040803,4.20
88,1,0,13769.0,13773.0,01:00:33,00:05:56,5.28,101.72,125.72,2014-02-23 15:02:08,2014-02-23 16:08:37,3936,11.5324733,48.099935,11.6486682,48.1398456,3.50
890,0,0,163406.0,163459.0,,,0.00,598.93,579.93,,,5000,11.3938717,48.1474483,11.517543,48.111318,32.68
891,0,0,238982.0,239091.0,,,0.00,674.28,708.28,,,5000,11.517555,48.111286,11.5104767,48.1689733,47.80
892,0,0,112291.0,112321.0,,,0.00,486.90,472.90,,,5000,11.5105183,48.1690983,11.5489,48.149455,22.46
893,0,0,73673.0,73699.0,,,0.00,282.31,302.31,,,5000,11.5489,48.14946,11.5351967,48.1809483,14.73
894,0,0,180224.0,180249.0,,,0.00,511.39,481.39,,,5000,11.5352033,48.1809517,11.398055,48.1368217,36.04
895,0,0,244239.0,244277.0,,,0.00,706.31,696.31,,,5000,11.3979167,48.1370817,11.5159217,48.10962,48.85
896,0,0,51347.0,51389.0,,,0.00,302.65,326.65,,,5000,11.5159417,48.10963,11.4964602,48.1652168,10.27
897,0,0,78339.0,78378.0,,,0.00,307.30,321.30,,,5000,11.4964036,48.165222,11.708213,48.175888,15.67
898,0,0,38520.0,38544.0,,,0.00,136.79,118.79,,,4900,11.708265,48.175908,11.5340643,48.1409443,7.86
898,1,0,1362.0,1362.0,00:18:26,00:02:41,1.64,9.87,8.87,2008-08-24 08:57:45,2008-08-24 09:18:52,100,11.6353369,48.1680536,11.6460013,48.1677318,13.62
899,0,0,94064.0,94078.0,,,0.00,288.28,319.28,,,5000,11.5340536,48.1408829,11.618176,48.199112,18.81
89,0,0,17187.0,17190.0,01:15:37,00:37:47,5.12,107.17,115.17,2014-02-23 16:08:38,2014-02-23 18:02:02,5000,11.6487092,48.1398434,11.5815203,48.1280825,3.44
8,0,0,13183.0,13186.0,01:02:33,00:07:49,4.72,110.17,63.17,2015-04-19 14:20:59,2015-04-19 15:31:21,4218,11.584637,48.1983036,11.533382,48.1000324,3.13
8,1,0,4920.0,4920.0,,,0.00,14.43,14.43,,,277,11.3788984,48.1306463,11.379132,48.1306323,17.76
8,2,0,5381.0,5384.0,00:17:29,00:01:35,6.80,49.35,46.35,2015-03-26 16:49:28,2015-03-26 17:08:32,505,11.360828,48.170144,11.420948,48.160766,10.66
900,0,0,171802.0,171945.0,,,0.00,697.60,648.60,,,5000,11.61829,48.199337,11.5817499,48.1000938,34.36
901,0,0,351584.0,351719.0,,,0.00,958.57,941.57,,,5000,11.581728,48.0999413,11.487335,48.085992,70.32
902,0,0,276273.0,276352.0,,,0.00,1123.02,1146.02,,,5000,11.487388,48.085941,11.5511713,48.0904045,55.25
903,0,0,407637.0,407745.0,,,0.00,988.93,983.93,,,5000,11.5512457,48.0904884,11.61791,48.08104,81.53
904,0,0,124693.0,124766.0,,,0.00,552.16,590.16,,,5000,11.61797,48.08099,11.5388833,48.17634,24.94
905,0,0,57663.0,57698.0,,,0.00,245.94,753.94,,,5000,11.5387283,48.17628,11.550442,48.171171,11.53
907,0,0,247907.0,248010.0,,,0.00,693.76,746.76,,,5000,11.516293,48.090341,11.3967767,48.2065833,49.58
908,0,0,150174.0,150339.0,,,0.00,444.05,426.05,,,5000,11.39637,48.2066317,11.5084983,48.15311,30.03
909,0,0,111255.0,111324.0,,,0.00,520.68,516.68,,,5000,11.5084717,48.1530933,11.5479042,48.1523883,22.25
90,0,0,6400.0,6403.0,00:26:51,00:02:01,5.78,74.54,45.54,2014-02-23 18:02:03,2014-02-23 18:30:55,1717,11.5814582,48.1280911,11.5333931,48.1000273,3.73
90,1,0,7357.0,7357.0,00:09:34,00:01:00,31.57,0.50,40.50,2014-02-15 11:50:21,2014-02-15 12:00:55,33,11.4746189,48.0622243,11.5262889,48.1094956,222.94
90,1,1,987.0,987.0,00:03:39,00:03:00,0.00,1.31,0.31,2014-02-15 12:01:39,2014-02-15 12:08:18,13,11.5262889,48.1095063,11.5243577,48.117156,75.89
90,1,2,14323.0,14324.0,00:12:49,00:01:00,30.10,19.48,11.48,2014-02-15 14:14:07,2014-02-15 14:27:56,61,11.5246367,48.1178963,11.3615584,48.1144201,234.81
90,2,0,320327.0,320388.0,,,0.00,691.21,637.21,,,2959,11.3608529,48.2475044,11.6651845,48.0916857,108.26
90,3,0,1035.0,1036.0,00:03:26,00:00:10,7.84,2.72,25.72,2014-02-15 12:28:17,2014-02-15 12:31:53,217,11.5412249,48.100577,11.546,48.1024483,4.77
910,0,0,236707.0,236750.0,,,0.00,618.39,603.39,,,5000,11.5478258,48.1523458,11.495347,48.1246877,47.34
911,0,0,142160.0,142188.0,,,0.00,486.08,521.08,,,5000,11.4956474,48.1247735,11.5218217,48.17557,28.43
912,0,0,101281.0,101316.0,,,0.00,433.88,360.88,,,5000,11.5218283,48.1755733,11.4857467,48.0753033,20.26
913,0,0,107690.0,107761.0,,,0.00,430.37,485.37,,,5000,11.4856067,48.075135,11.50345,48.1429533,21.54
914,0,0,98829.0,98871.0,,,0.00,343.07,352.07,,,5000,11.5034667,48.143035,11.5070433,48.1637983,19.77
915,0,0,57227.0,57234.0,,,0.00,302.03,293.03,,,5000,11.5070733,48.1637117,11.5079,48.1527833,11.45
916,0,0,62936.0,62945.0,,,0.00,341.49,334.49,,,5000,11.5079467,48.1528,11.50324,48.1396083,12.59
917,0,0,63144.0,63153.0,,,0.00,325.30,316.30,,,5000,11.5032417,48.1397333,11.5026817,48.1216017,12.63
918,0,0,62107.0,62136.0,,,0.00,331.58,297.58,,,5000,11.5026817,48.1216833,11.486,48.0756167,12.42
919,0,0,140616.0,140700.0,,,0.00,434.39,456.39,,,5000,11.48581,48.0753733,11.6667317,48.0671883,28.12
91,0,0,16260.0,16267.0,01:14:30,02:58:35,5.22,162.42,138.42,2014-02-15 12:31:54,2014-02-15 16:44:59,4798,11.5459962,48.1024125,11.5322791,48.0997237,3.39
91,1,0,1625.0,1626.0,00:17:54,00:00:16,2.35,4.36,8.36,2014-02-15 13:05:04,2014-02-15 13:23:14,202,11.5321463,48.1975133,11.5334503,48.1906492,8.05
920,0,0,131626.0,131687.0,,,0.00,656.36,647.36,,,5000,11.6665883,48.067155,11.5337536,48.078847,26.33
921,0,0,104609.0,104629.0,,,0.00,442.26,503.26,,,5000,11.5336189,48.078782,11.5344833,48.1809383,20.92
922,0,0,69468.0,69483.0,,,0.00,340.91,309.91,,,5000,11.5343817,48.18093,11.502705,48.1246183,13.89
923,0,0,137904.0,137994.0,,,0.00,454.39,456.39,,,5000,11.5027033,48.1246183,11.503005,48.137075,27.58
924,0,0,85125.0,85165.0,,,0.00,406.63,391.63,,,5000,11.5030017,48.136945,11.5024383,48.1111983,17.03
925,0,0,143080.0,143119.0,,,0.00,491.78,476.78,,,5000,11.5024417,48.1112167,11.48795,48.0899983,28.62
926,0,0,55771.0,55784.0,,,0.00,341.75,360.75,,,5000,11.4879467,48.0902017,11.5174667,48.1108,11.15
927,0,0,193036.0,193140.0,,,0.00,592.12,573.12,,,5000,11.5173683,48.110675,11.4880167,48.08963,38.61
928,0,0,94002.0,94014.0,,,0.00,414.00,417.00,,,5000,11.4880117,48.089885,11.4879683,48.09161,18.80
929,0,0,80599.0,80613.0,,,0.00,343.06,365.06,,,5000,11.4879667,48.091795,11.5198717,48.1234117,16.12
92,0,0,1879.0,1880.0,00:24:11,00:01:56,1.62,20.08,18.08,2014-02-15 13:23:20,2014-02-15 13:49:27,275,11.5335048,48.1907179,11.5336672,48.1996949,6.83
92,1,0,0.0,0.0,,,0.00,0.00,0.00,2013-05-17 08:18:44,2013-05-17 08:18:44,1,11.4437,48.12784,11.4437,48.12784,0.00
92,2,0,296823.0,296878.0,,,0.00,458.32,425.32,,,4628,11.5755628,48.1808611,11.5491398,48.0882704,64.14
92,3,0,141.0,141.0,00:01:28,00:00:08,2.08,0.00,1.00,2014-01-26 12:05:48,2014-01-26 12:07:24,96,11.4543724,48.2129658,11.4545403,48.2141329,1.46
930,0,0,59527.0,59548.0,,,0.00,277.07,310.07,,,5000,11.519855,48.1233833,11.52183,48.1755117,11.91
931,0,0,146829.0,146854.0,,,0.00,429.99,394.99,,,5000,11.52183,48.1755117,11.502895,48.1258517,29.37
932,0,0,91840.0,91851.0,,,0.00,454.74,439.74,,,5000,11.5028933,48.12585,11.4365483,48.1037633,18.37
933,0,0,65356.0,65396.0,,,0.00,278.98,310.98,,,5000,11.4363467,48.1037617,11.5576766,48.0969583,13.07
934,0,0,32962.0,32970.0,,,0.00,190.46,204.46,,,5000,11.5576799,48.0969833,11.5358466,48.18002,6.59
935,0,0,80131.0,80173.0,,,0.00,305.13,264.13,,,5000,11.535845,48.1800233,11.5030891,48.1013367,16.03
936,0,0,59873.0,59885.0,,,0.00,265.52,295.52,,,5000,11.5030282,48.1013685,11.692076,48.140121,11.97
937,0,0,195732.0,195835.0,,,0.00,599.15,586.15,,,5000,11.691666,48.139982,11.535863,48.126488,39.15
938,0,0,152844.0,152885.0,,,0.00,476.46,451.46,,,5000,11.535784,48.126598,11.4594133,48.0954617,30.57
939,0,0,224265.0,224343.0,,,0.00,623.35,645.35,,,5000,11.459525,48.095425,11.4322307,48.127486,44.85
93,0,0,136238.0,136303.0,,,0.00,686.58,725.58,,,5000,11.5491385,48.0882968,11.4909753,48.1949195,27.25
940,0,0,404858.0,404907.0,,,0.00,887.42,887.42,,,5000,11.432901,48.127347,11.61793,48.115548,80.97
941,0,0,107344.0,107363.0,,,0.00,259.67,241.67,,,5000,11.618186,48.11611,11.59812,48.07638,21.47
942,0,0,49438.0,49445.0,,,0.00,276.70,286.70,,,5000,11.59809,48.0766,11.51681,48.11418,9.89
943,0,0,59721.0,59733.0,,,0.00,183.68,227.68,,,5000,11.51682,48.11417,11.40916,48.20561,11.94
944,0,0,60719.0,60731.0,,,0.00,223.08,199.08,,,5000,11.4095,48.20559,11.62624,48.13699,12.14
945,0,0,66236.0,66247.0,,,0.00,278.17,254.17,,,5000,11.62624,48.137,11.37936,48.12398,13.25
946,0,0,47433.0,47452.0,,,0.00,234.27,273.27,,,5000,11.37949,48.12382,11.5770323,48.1842339,9.49
947,0,0,83792.0,83856.0,,,0.00,285.83,236.83,,,5000,11.5769656,48.184237,11.693773,48.07342,16.76
948,0,0,231822.0,231988.0,,,0.00,786.98,832.98,,,5000,11.693685,48.073397,11.540646,48.178865,46.36
949,0,0,66067.0,66102.0,,,0.00,490.61,473.61,,,5000,11.540683,48.178821,11.59726,48.12005,13.21
94,0,0,27765.0,27778.0,,,0.00,138.71,150.71,,,5000,11.4910774,48.1948928,11.6159013,48.2224039,5.55
950,0,0,6815.0,6815.0,,,0.00,14.77,12.77,,,5000,11.59727,48.12007,11.59765,48.11973,1.36
951,0,0,49272.0,49276.0,,,0.00,147.58,133.58,,,5000,11.59765,48.11972,11.52268,48.1099,9.85
952,0,0,219836.0,219852.0,,,0.00,425.81,479.81,,,5000,11.52274,48.1099,11.7092767,48.226565,43.97
953,0,0,185402.0,185440.0,,,0.00,473.71,465.71,,,5000,11.70918,48.2265633,11.382324,48.213578,37.08
954,0,0,180614.0,180685.0,,,0.00,550.89,512.89,,,5000,11.377244,48.216608,11.5427888,48.0719124,36.12
955,0,0,74864.0,74916.0,,,0.00,310.15,299.15,,,5000,11.5428546,48.0718,11.539003,48.100438,14.97
956,0,0,25804.0,25825.0,,,0.00,267.53,267.53,,,5000,11.538942,48.100442,11.538368,48.10055,5.16
957,0,0,99273.0,99321.0,,,0.00,461.11,463.11,,,5000,11.538355,48.100575,11.523736,48.11007,19.85
958,0,0,342113.0,342181.0,,,0.00,1077.96,1059.96,,,5000,11.523542,48.110065,11.3979912,48.1091518,68.42
959,0,0,124515.0,124533.0,,,0.00,234.89,286.89,,,5000,11.3989294,48.1089207,11.5844178,48.132112,24.90
95,0,0,213748.0,213777.0,,,0.00,288.44,291.44,,,5000,11.6159013,48.2224039,11.4,48.2316666,42.75
960,0,0,192282.0,192371.0,,,0.00,519.86,533.86,,,5000,11.5843749,48.1320906,11.576667,48.1875626,38.46
961,0,0,107022.0,107034.0,,,0.00,389.88,388.88,,,5000,11.5769852,48.1875732,11.5301191,48.1886251,21.40
962,0,0,109850.0,109877.0,,,0.00,356.88,369.88,,,5000,11.530214,48.1884923,11.4796308,48.2171662,21.97
963,0,0,93452.0,93466.0,,,0.00,334.62,341.62,,,5000,11.4798012,48.2170075,11.4511028,48.2435756,18.69
964,0,0,79698.0,79767.0,,,0.00,344.88,287.88,,,5000,11.4513701,48.2432085,11.50546,48.1210233,15.94
965,0,0,47855.0,47912.0,,,0.00,235.06,254.06,,,5000,11.5052733,48.1210283,11.5622817,48.1481667,9.57
966,0,0,62644.0,62736.0,,,0.00,270.01,243.01,,,5000,11.5623333,48.148255,11.4875683,48.113835,12.53
967,0,0,33381.0,33428.0,,,0.00,180.16,186.16,,,5000,11.4875567,48.1137983,11.481835,48.1202767,6.68
968,0,0,98303.0,98360.0,,,0.00,386.46,388.46,,,5000,11.481835,48.1202767,11.6059967,48.12099,19.66
969,0,0,75498.0,75522.0,,,0.00,254.11,273.11,,,5000,11.6059967,48.12099,11.407716,48.162929,15.10
96,0,0,245661.0,245756.0,,,0.00,617.79,582.79,,,5000,11.4030555,48.2416666,11.537683,48.1611233,49.13
970,0,0,120719.0,120776.0,,,0.00,456.19,453.19,,,5000,11.407716,48.162929,11.561402,48.109877,24.14
971,0,0,101642.0,101659.0,,,0.00,202.13,208.13,,,5000,11.561405,48.10982,11.6241494,48.1656553,20.33
972,0,0,122158.0,122185.0,,,0.00,289.84,311.84,,,5000,11.6241494,48.1656554,11.661015,48.221398,24.43
973,0,0,67854.0,67868.0,,,0.00,244.93,247.93,,,5000,11.66104,48.221385,11.674568,48.220163,13.57
974,0,0,71982.0,72008.0,,,0.00,237.16,196.16,,,5000,11.674625,48.220188,11.6418283,48.1159717,14.40
975,0,0,227653.0,227724.0,,,0.00,404.61,444.61,,,5000,11.641865,48.11595,11.452861,48.215658,45.53
976,0,0,178541.0,178641.0,,,0.00,422.53,384.53,,,5000,11.452986,48.215624,11.5452503,48.129501,35.71
977,0,0,54158.0,54176.0,,,0.00,223.82,223.82,,,5000,11.5452514,48.1294885,11.6158432,48.134376,10.83
978,0,0,184436.0,184487.0,,,0.00,505.08,498.08,,,5000,11.6158417,48.1343761,11.390697,48.136355,36.89
979,0,0,212546.0,212593.0,,,0.00,615.95,607.95,,,5000,11.390552,48.136309,11.5420355,48.109235,42.51
97,0,0,158030.0,158065.0,,,0.00,699.35,696.35,,,5000,11.5376897,48.1612637,11.7048187,48.1422639,31.61
980,0,0,129619.0,129655.0,,,0.00,463.14,515.14,,,5000,11.5420579,48.1093428,11.697307,48.208068,25.92
981,0,0,56873.0,56909.0,,,0.00,236.01,166.01,,,5000,11.69728,48.20809,11.505328,48.085722,11.37
982,0,0,258873.0,258968.0,,,0.00,839.77,833.77,,,5000,11.505369,48.085712,11.41567,48.121185,51.77
983,0,0,183865.0,183946.0,,,0.00,579.18,630.18,,,5000,11.415663,48.121441,11.588682,48.136165,36.77
984,0,0,392141.0,392210.0,,,0.00,879.32,894.32,,,5000,11.58873,48.136231,11.61258,48.1751533,78.43
985,0,0,117887.0,117934.0,,,0.00,442.49,440.49,,,5000,11.612615,48.175115,11.5835033,48.17555,23.58
986,0,0,45711.0,45762.0,,,0.00,222.60,231.60,,,5000,11.5834833,48.17562,11.672845,48.227145,9.14
987,0,0,44241.0,44246.0,,,0.00,129.92,123.92,,,5000,11.672825,48.227178,11.5435058,48.1861425,8.85
988,0,0,229055.0,229094.0,,,0.00,659.99,649.99,,,5000,11.5438825,48.1861307,11.5019567,48.1640883,45.81
989,0,0,3957.0,3957.0,,,0.00,16.24,12.24,,,5000,11.5019633,48.1640867,11.501935,48.1615333,0.79
98,0,0,156342.0,156378.0,,,0.00,701.19,700.19,,,5000,11.7043831,48.1422698,11.5371702,48.1558419,31.27
990,0,0,4236.0,4237.0,,,0.00,20.03,18.03,,,5000,11.5019267,48.16154,11.4972533,48.1633133,0.85
991,0,0,4542.0,4543.0,,,0.00,15.04,18.04,,,5000,11.4972533,48.1633133,11.50143,48.1636883,0.91
992,0,0,101402.0,101426.0,,,0.00,341.32,325.32,,,5000,11.5014383,48.163695,11.5977183,48.1232617,20.28
993,0,0,27498.0,27511.0,,,0.00,134.52,147.52,,,5000,11.597655,48.1233183,11.588967,48.136403,5.50
994,0,0,43107.0,43125.0,,,0.00,198.68,186.68,,,5000,11.589008,48.136475,11.473914,48.137123,8.62
995,0,0,33863.0,33882.0,,,0.00,165.45,164.45,,,5000,11.473951,48.137133,11.6401067,48.1170417,6.77
996,0,0,688450.0,688498.0,,,0.00,731.33,761.33,,,5000,11.6401067,48.1170417,11.545751,48.196227,137.69
997,0,0,262400.0,262491.0,,,0.00,693.94,702.94,,,5000,11.545858,48.196356,11.638103,48.194135,52.48
998,0,0,22478.0,22497.0,,,0.00,269.74,275.74,,,5000,11.638103,48.19416,11.65023,48.222313,4.50
999,0,0,100188.0,100213.0,,,0.00,350.13,300.13,,,5000,11.650302,48.222338,11.448953,48.129456,20.04
99,0,0,158101.0,158203.0,,,0.00,373.16,410.16,,,1908,11.5371554,48.1556999,11.3619861,48.2481985,82.86
99,1,0,13044.0,13052.0,00:56:00,00:04:10,6.14,128.17,120.17,2013-10-03 07:53:18,2013-10-03 08:53:28,438,11.6109669,48.1420149,11.5410019,48.061829,29.78
99,1,1,15594.0,15597.0,01:02:33,00:04:41,5.76,50.22,83.22,2013-10-03 13:06:45,2013-10-03 14:13:59,344,11.5724949,48.062949,11.611372,48.1404469,45.33
99,2,0,56308.0,56328.0,08:05:04,00:08:58,6.36,285.22,276.22,2013-10-02 08:06:40,2013-10-02 16:20:42,1012,11.610842,48.1413639,11.611487,48.1405609,55.64
99,3,0,24266.0,24267.0,00:14:57,,33.74,105.82,37.82,2013-09-12 12:11:13,2013-09-12 12:26:10,441,11.532788,48.247911,11.361317,48.11426,55.02
99,4,0,1881.0,1882.0,00:13:32,00:00:46,3.24,13.88,9.88,2013-12-15 16:33:13,2013-12-15 16:47:31,857,11.5323591,48.096552,11.5311546,48.0913845,2.20
9,0,0,16734.0,16737.0,00:53:07,00:08:11,7.15,111.58,98.58,2015-03-26 17:08:34,2015-03-26 18:09:52,1580,11.421064,48.160793,11.587926,48.125336,10.59
9,1,0,67889.0,67897.0,,,0.00,321.06,328.06,,,3420,11.722805,48.1437835,11.458268,48.16584,19.85
